0 1 3
0 2 3
0 3 3
0 5 4
0 8 3
0 9 2
0 11 4
0 12 3
0 13 2
0 14 4
0 15 3
0 16 2
0 17 3
0 18 3
0 20 2
0 21 3
0 23 3
0 27 4
0 28 3
0 29 4
0 30 3
0 31 3
0 34 3
0 36 3
0 37 3
0 41 3
0 44 4
0 45 4
0 46 2
0 48 3
0 50 2
0 51 2
0 52 3
0 53 2
0 54 3
0 56 2
0 57 3
0 59 3
0 69 4
0 70 2
0 71 3
0 72 4
0 75 2
0 77 3
0 78 2
0 80 3
0 85 4
0 86 3
0 89 2
0 91 2
0 92 3
0 93 3
0 95 3
0 97 3
0 100 4
0 102 2
0 104 3
0 106 3
0 107 3
0 108 3
0 109 3
0 111 3
0 112 2
0 113 2
0 116 3
0 120 4
0 122 3
0 124 3
0 125 3
0 127 3
0 129 3
0 131 3
0 132 3
0 134 3
0 136 2
0 137 3
0 140 2
0 145 3
0 154 3
0 159 3
0 162 3
0 163 4
0 164 2
0 166 2
0 171 3
0 172 4
0 173 3
0 185 2
0 186 3
0 188 3
0 190 3
0 192 2
0 197 3
0 206 3
0 211 4
0 213 3
0 220 2
0 222 5
0 226 2
0 232 5
0 238 3
0 242 2
0 252 3
0 253 2
0 255 3
0 259 2
0 264 3
0 266 3
0 282 3
0 288 3
0 289 3
0 293 2
0 301 3
0 326 3
0 332 3
0 336 2
0 347 3
0 351 2
0 355 3
0 361 4
0 363 2
0 366 3
0 379 2
0 380 2
0 384 1
0 411 2
0 412 3
0 413 3
0 414 4
1 0 5
1 1 4
1 3 5
1 4 5
1 5 5
1 6 3
1 7 4
1 10 4
1 11 5
1 12 5
1 14 5
1 15 5
1 16 5
1 17 2
1 19 2
1 20 4
1 21 4
1 22 4
1 23 5
1 24 3
1 25 2
1 26 5
1 27 5
1 28 5
1 29 5
1 30 5
1 33 5
1 34 3
1 35 5
1 36 5
1 38 4
1 39 5
1 41 5
1 42 4
1 43 4
1 44 5
1 45 2
1 46 5
1 47 4
1 48 1
1 49 5
1 51 5
1 52 5
1 53 5
1 54 4
1 56 3
1 61 4
1 62 5
1 65 2
1 68 5
1 69 4
1 70 3
1 71 5
1 72 4
1 77 5
1 78 3
1 79 5
1 82 5
1 83 4
1 84 3
1 86 5
1 87 4
1 88 4
1 89 5
1 101 5
1 103 3
1 106 5
1 113 4
1 114 3
1 117 4
1 118 5
1 121 4
1 123 4
1 126 3
1 132 3
1 133 3
1 138 4
1 139 4
1 140 4
1 143 2
1 150 5
1 160 3
1 164 4
1 168 4
1 171 3
1 174 1
1 178 1
1 182 2
1 187 5
1 205 3
1 207 3
1 208 4
1 215 3
1 225 3
1 226 4
1 229 2
1 242 3
1 245 2
1 258 2
1 267 2
1 286 1
1 290 4
1 356 5
2 0 5
2 1 4
2 3 2
2 5 4
2 7 3
2 8 3
2 9 4
2 13 3
2 14 2
2 15 4
2 16 3
2 18 3
2 20 3
2 21 4
2 22 3
2 23 4
2 24 4
2 26 4
2 30 4
2 32 4
2 33 5
2 34 4
2 35 4
2 36 5
2 38 2
2 39 4
2 41 3
2 42 4
2 44 3
2 47 3
2 51 4
2 53 4
2 54 4
2 56 3
2 58 4
2 61 3
2 62 4
2 63 4
2 65 3
2 66 2
2 70 4
2 73 2
2 77 2
2 78 1
2 79 5
2 81 4
2 85 2
2 87 3
2 88 3
2 89 3
2 92 3
2 96 4
2 101 4
2 102 3
2 103 3
2 105 3
2 108 3
2 110 3
2 111 3
2 113 4
2 115 3
2 117 2
2 118 4
2 119 3
2 125 3
2 133 4
2 135 3
2 139 4
2 141 4
2 143 1
2 146 5
2 150 4
2 151 3
2 152 4
2 153 3
2 156 3
2 162 3
2 164 4
2 168 4
2 176 3
2 180 3
2 183 4
2 193 4
2 196 3
2 198 3
2 201 3
2 205 3
2 234 4
2 237 3
2 246 4
2 257 3
2 260 3
2 261 3
2 263 5
2 271 3
2 273 4
2 312 4
2 323 4
3 0 5
3 1 3
3 7 3
3 11 4
3 12 5
3 14 4
3 15 4
3 16 4
3 18 5
3 20 5
3 21 4
3 24 3
3 26 5
3 27 5
3 29 5
3 31 5
3 34 5
3 35 4
3 37 4
3 40 3
3 41 4
3 43 4
3 44 4
3 49 3
3 50 4
3 56 5
3 57 5
3 58 3
3 66 5
3 71 3
3 73 3
3 74 5
3 81 4
3 82 3
3 85 3
3 87 3
3 95 5
3 96 3
3 97 4
3 107 4
3 108 3
3 112 4
3 115 2
3 117 3
3 118 2
3 121 3
3 126 3
3 132 4
3 134 3
3 135 3
3 139 3
3 140 5
3 141 5
3 143 5
3 144 4
3 149 4
3 154 4
3 163 4
3 169 4
3 175 5
3 178 2
3 183 3
3 185 1
3 188 5
3 192 3
3 200 4
3 202 2
3 218 2
3 227 2
3 238 4
3 240 1
3 251 3
3 252 2
3 259 4
3 263 4
3 273 3
4 0 5
4 3 5
4 5 3
4 6 4
4 8 5
4 9 4
4 10 3
4 11 3
4 12 3
4 14 4
4 15 1
4 20 5
4 21 5
4 22 2
4 23 3
4 24 4
4 25 3
4 26 3
4 27 5
4 33 3
4 34 5
4 36 3
4 37 3
4 38 4
4 41 4
4 42 3
4 43 3
4 44 4
4 45 5
4 46 4
4 47 2
4 49 3
4 55 3
4 56 4
4 57 3
4 58 4
4 59 4
4 60 3
4 62 3
4 65 3
4 66 3
4 68 4
4 74 3
4 76 5
4 77 5
4 78 4
4 80 3
4 83 4
4 85 3
4 86 3
4 87 3
4 88 4
4 90 4
4 95 5
4 97 4
4 100 4
4 104 4
4 105 3
4 107 3
4 108 3
4 117 4
4 118 4
4 127 3
4 130 4
4 140 4
4 141 5
4 143 4
4 149 4
4 150 4
4 153 3
4 162 4
4 181 3
4 186 3
4 191 4
4 195 3
4 197 4
4 204 1
4 213 3
4 222 4
4 231 3
4 241 4
4 272 2
4 304 4
4 339 4
4 397 4
5 3 5
5 4 2
5 8 4
5 10 3
5 11 4
5 14 4
5 16 3
5 17 4
5 18 3
5 21 3
5 22 2
5 23 2
5 24 3
5 27 4
5 29 5
5 30 3
5 34 5
5 35 4
5 36 3
5 37 4
5 43 3
5 45 4
5 48 3
5 49 3
5 51 2
5 52 1
5 53 2
5 54 2
5 56 2
5 58 2
5 59 4
5 62 1
5 64 4
5 69 5
5 72 4
5 73 1
5 75 3
5 76 4
5 77 1
5 82 2
5 83 4
5 84 3
5 92 2
5 94 3
5 100 4
5 102 3
5 104 2
5 106 3
5 111 4
5 124 4
5 125 2
5 126 2
5 134 2
5 140 3
5 142 3
5 143 3
5 144 1
5 150 2
5 159 4
5 167 3
5 170 2
5 171 2
5 175 4
5 181 3
5 192 3
5 216 4
5 222 4
5 226 3
5 267 3
5 280 1
5 299 4
5 375 4
6 1 4
6 2 3
6 3 5
6 4 4
6 6 4
6 7 4
6 8 5
6 9 4
6 12 5
6 13 4
6 14 5
6 15 4
6 19 2
6 20 4
6 21 5
6 22 5
6 23 4
6 24 3
6 25 3
6 30 5
6 33 4
6 36 4
6 41 4
6 42 2
6 43 4
6 53 4
6 58 5
6 59 4
6 60 4
6 62 2
6 64 4
6 65 3
6 71 4
6 73 3
6 77 4
6 78 3
6 81 3
6 82 4
6 86 4
6 87 3
6 88 3
6 92 3
6 96 3
6 118 3
6 125 3
6 132 4
6 140 4
6 143 2
6 146 3
6 152 4
6 156 4
6 159 3
6 160 4
6 161 4
6 162 3
6 164 4
6 167 4
6 175 2
6 178 1
6 183 1
6 199 2
6 201 1
6 202 3
6 205 2
6 207 4
6 209 3
6 217 1
6 218 3
6 223 3
6 229 2
6 245 3
6 246 2
6 261 2
6 270 2
6 283 3
6 285 3
6 296 3
6 323 4
7 0 5
7 1 3
7 2 4
7 3 5
7 4 5
7 5 4
7 6 5
7 7 5
7 8 4
7 9 4
7 10 4
7 11 5
7 12 2
7 13 4
7 14 4
7 15 3
7 18 5
7 19 3
7 22 2
7 24 4
7 26 5
7 27 4
7 30 4
7 31 2
7 32 5
7 35 4
7 36 3
7 37 3
7 38 3
7 40 3
7 41 5
7 42 4
7 44 5
7 46 3
7 49 5
7 50 3
7 53 4
7 55 5
7 56 3
7 61 4
7 66 4
7 69 3
7 71 3
7 74 3
7 80 3
7 82 3
7 86 4
7 87 4
7 92 2
7 98 3
7 105 2
7 108 1
7 111 2
7 112 4
7 114 2
7 116 3
7 117 5
7 124 3
7 128 5
7 133 4
7 143 2
7 146 5
7 155 2
7 162 3
7 164 3
7 176 4
7 185 4
7 195 1
7 208 1
7 257 4
7 271 2
7 290 2
7 295 3
8 3 5
8 4 4
8 6 2
8 9 3
8 10 4
8 12 4
8 15 5
8 16 3
8 18 3
8 20 4
8 24 4
8 25 4
8 28 5
8 29 2
8 31 5
8 34 4
8 36 3
8 37 4
8 38 5
8 45 5
8 47 3
8 48 4
8 49 3
8 52 5
8 53 3
8 56 3
8 57 2
8 59 4
8 61 5
8 62 3
8 63 3
8 66 3
8 68 5
8 69 4
8 71 3
8 78 3
8 79 4
8 85 4
8 90 3
8 102 3
8 103 4
8 105 3
8 111 3
8 117 5
8 121 4
8 122 2
8 130 3
8 143 3
8 149 3
8 157 3
8 162 3
8 163 4
8 188 5
8 191 5
8 195 3
8 197 5
8 200 4
8 222 4
8 225 5
8 248 2
8 263 3
9 0 5
9 1 3
9 3 4
9 6 3
9 8 2
9 12 4
9 14 4
9 15 4
9 17 4
9 18 4
9 20 4
9 21 3
9 24 4
9 25 3
9 31 5
9 33 4
9 34 5
9 35 4
9 38 4
9 40 2
9 43 4
9 46 3
9 47 1
9 48 2
9 50 2
9 56 2
9 57 5
9 59 1
9 64 3
9 70 1
9 71 3
9 78 2
9 81 3
9 82 3
9 89 1
9 90 2
9 96 2
9 100 5
9 105 1
9 106 3
9 108 3
9 110 2
9 112 4
9 125 3
9 132 1
9 134 4
9 151 3
9 164 1
9 167 1
9 171 3
9 177 3
9 179 1
9 202 1
9 210 2
9 228 2
9 248 1
9 250 1
9 268 2
9 273 2
10 0 4
10 1 4
10 4 3
10 7 4
10 8 3
10 9 4
10 12 2
10 13 3
10 16 5
10 18 4
10 20 3
10 21 3
10 23 3
10 25 3
10 28 4
10 31 3
10 32 5
10 34 5
10 38 3
10 40 2
10 41 3
10 42 3
10 43 3
10 44 4
10 46 5
10 47 2
10 48 3
10 50 4
10 56 2
10 57 5
10 58 4
10 60 2
10 62 2
10 64 1
10 67 3
10 70 1
10 71 4
10 73 3
10 76 4
10 78 2
10 82 3
10 85 2
10 86 3
10 87 2
10 89 4
10 90 4
10 92 3
10 96 2
10 99 2
10 106 5
10 110 1
10 115 3
10 118 4
10 120 2
10 121 4
10 122 5
10 123 3
10 133 2
10 142 2
10 144 2
10 151 4
10 157 2
10 158 1
10 167 2
10 174 3
10 178 2
10 201 2
10 230 1
10 267 2
10 271 2
10 273 3
10 319 1
10 415 3
11 0 5
11 1 4
11 2 3
11 3 5
11 4 5
11 9 5
11 10 2
11 11 5
11 12 5
11 15 5
11 20 5
11 22 5
11 25 4
11 27 5
11 29 5
11 32 3
11 34 5
11 36 4
11 40 3
11 42 2
11 43 1
11 44 2
11 48 5
11 51 2
11 56 2
11 63 2
11 67 5
11 69 5
11 70 3
11 72 5
11 73 3
11 81 3
11 86 4
11 92 4
11 95 3
11 97 4
11 98 1
11 100 1
11 105 2
11 110 2
11 113 4
11 114 4
11 115 4
11 128 3
11 131 2
11 132 5
11 133 4
11 138 1
11 140 1
11 142 3
11 146 4
11 147 2
11 154 4
11 155 3
11 158 2
11 160 4
11 164 4
11 167 3
11 168 3
11 179 1
11 181 3
11 185 3
11 199 1
11 201 2
11 207 4
11 220 4
11 230 1
11 236 1
11 246 4
11 276 2
11 306 1
11 357 1
11 370 1
12 3 4
12 4 3
12 7 2
12 8 4
12 9 3
12 11 5
12 12 4
12 13 5
12 15 5
12 16 4
12 18 3
12 22 3
12 24 3
12 25 1
12 26 2
12 27 3
12 29 4
12 31 4
12 34 4
12 35 4
12 37 4
12 41 5
12 45 3
12 47 3
12 49 5
12 50 3
12 51 4
12 55 4
12 56 3
12 57 5
12 59 2
12 61 1
12 69 5
12 73 2
12 77 1
12 80 5
12 81 4
12 95 4
12 96 4
12 102 4
12 108 2
12 109 4
12 112 3
12 116 4
12 124 4
12 130 4
12 132 2
12 149 3
12 151 1
12 163 2
12 169 2
12 188 3
12 197 1
12 206 2
12 210 3
12 219 4
12 223 4
12 272 1
12 285 3
12 351 4
13 2 3
13 3 5
13 4 3
13 5 5
13 6 2
13 8 5
13 9 4
13 11 5
13 12 4
13 14 5
13 17 3
13 19 3
13 20 4
13 22 3
13 23 4
13 26 2
13 27 5
13 28 5
13 29 5
13 31 5
13 34 5
13 35 5
13 38 5
13 41 4
13 44 5
13 45 5
13 49 4
13 62 2
13 66 5
13 68 5
13 69 5
13 72 4
13 74 4
13 79 5
13 80 5
13 83 5
13 85 5
13 86 4
13 94 5
13 100 5
13 104 3
13 111 4
13 113 3
13 116 5
13 121 4
13 126 5
13 128 5
13 130 5
13 137 5
13 141 5
13 145 1
13 149 5
13 162 4
13 187 5
13 211 4
13 213 5
13 222 2
13 241 4
13 264 3
13 317 3
14 1 4
14 3 5
14 4 4
14 8 5
14 9 5
14 10 4
14 11 4
14 12 4
14 13 3
14 14 5
14 15 4
14 16 4
14 19 4
14 20 5
14 22 5
14 23 5
14 24 5
14 25 5
14 27 4
14 34 5
14 36 4
14 37 5
14 41 5
14 42 4
14 43 3
14 47 4
14 49 4
14 50 4
14 56 4
14 60 5
14 77 3
14 79 4
14 82 4
14 86 4
14 87 4
14 90 4
14 95 3
14 96 3
14 97 3
14 101 4
14 106 2
14 107 5
14 114 3
14 135 4
14 140 3
14 174 3
14 180 3
14 196 4
14 209 3
14 212 3
14 238 3
15 0 3
15 1 3
15 2 2
15 3 2
15 4 3
15 5 4
15 6 4
15 8 3
15 9 4
15 12 5
15 14 4
15 17 4
15 18 4
15 19 1
15 20 4
15 22 2
15 24 3
15 26 4
15 27 4
15 28 3
15 31 3
15 32 2
15 33 2
15 34 3
15 38 4
15 39 3
15 41 4
15 42 2
15 45 4
15 50 2
15 53 3
15 55 3
15 56 2
15 59 4
15 61 3
15 69 4
15 71 3
15 74 4
15 77 4
15 80 4
15 82 4
15 83 4
15 84 3
15 85 4
15 94 4
15 109 3
15 115 4
15 145 4
15 148 3
15 150 4
15 222 3
15 241 4
15 253 4
15 299 4
16 1 2
16 3 4
16 5 3
16 6 4
16 8 3
16 11 5
16 13 3
16 15 4
16 16 3
16 17 4
16 18 3
16 25 1
16 27 3
16 28 4
16 29 4
16 31 5
16 32 3
16 35 4
16 37 3
16 38 4
16 39 2
16 40 3
16 41 4
16 44 3
16 45 5
16 46 5
16 52 5
16 55 4
16 59 4
16 61 4
16 65 3
16 66 4
16 67 3
16 68 3
16 71 4
16 76 4
16 77 4
16 79 4
16 94 5
16 95 4
16 100 5
16 104 3
16 108 3
16 109 4
16 111 4
16 113 4
16 120 3
16 122 3
16 123 3
16 127 4
16 130 3
16 134 4
16 143 4
16 148 1
16 169 4
16 186 3
16 187 4
16 222 4
16 241 4
16 264 3
16 293 2
16 297 4
16 364 4
17 0 4
17 3 5
17 6 3
17 9 5
17 10 4
17 11 4
17 12 3
17 13 3
17 15 4
17 16 4
17 24 4
17 27 3
17 28 5
17 29 5
17 31 4
17 35 4
17 37 4
17 38 4
17 41 4
17 44 3
17 49 5
17 52 3
17 59 3
17 61 3
17 66 5
17 76 5
17 77 3
17 80 5
17 83 3
17 96 2
17 100 4
17 104 5
17 107 4
17 115 3
17 116 3
17 117 5
17 118 3
17 126 4
17 128 3
17 134 4
17 139 4
17 141 3
17 159 5
17 173 5
17 180 3
17 188 4
17 190 3
17 211 5
17 213 2
17 219 3
17 222 4
17 288 5
17 297 3
18 4 5
18 5 5
18 6 5
18 11 5
18 14 5
18 21 5
18 24 5
18 25 3
18 27 5
18 29 5
18 30 5
18 33 4
18 34 5
18 36 5
18 37 4
18 40 5
18 41 5
18 44 5
18 46 4
18 48 3
18 49 4
18 57 5
18 66 5
18 68 5
18 69 4
18 70 3
18 71 5
18 72 4
18 79 5
18 81 4
18 84 4
18 88 4
18 92 5
18 103 4
18 106 5
18 109 2
18 110 3
18 111 3
18 113 4
18 117 5
18 121 5
18 123 4
18 138 4
18 152 4
18 155 5
18 160 4
18 164 4
18 185 5
18 189 3
18 207 4
18 215 4
18 226 4
18 229 2
18 242 3
18 247 2
18 248 4
18 258 2
18 295 2
19 0 5
19 2 3
19 3 5
19 8 5
19 10 2
19 11 2
19 13 3
19 17 5
19 21 3
19 27 5
19 28 4
19 31 5
19 32 4
19 35 4
19 36 3
19 38 3
19 41 4
19 44 2
19 48 3
19 50 3
19 55 5
19 56 3
19 57 4
19 59 4
19 60 3
19 61 4
19 63 2
19 66 5
19 68 5
19 70 2
19 77 3
19 80 4
19 85 5
19 88 4
19 95 4
19 96 3
19 100 5
19 108 2
19 110 3
19 112 4
19 120 3
19 121 5
19 132 3
19 139 3
19 141 5
19 143 3
19 149 3
19 150 3
19 154 2
19 169 4
19 171 4
19 188 4
19 200 3
19 217 2
19 231 4
19 239 3
19 254 5
20 0 2
20 3 4
20 9 3
20 12 3
20 13 2
20 14 4
20 17 3
20 20 5
20 25 4
20 28 3
20 29 3
20 31 5
20 34 5
20 35 2
20 37 2
20 38 5
20 41 3
20 42 4
20 43 3
20 48 4
20 50 2
20 57 4
20 58 4
20 59 5
20 69 5
20 70 1
20 89 3
20 90 3
20 92 3
20 95 3
20 111 1
20 114 2
20 125 3
20 143 3
20 144 1
20 164 2
20 167 2
20 186 2
20 191 4
20 224 4
20 226 3
20 228 4
20 230 4
20 232 4
20 250 2
20 279 2
20 293 4
20 337 5
20 354 3
21 0 5
21 1 4
21 2 4
21 3 3
21 4 5
21 6 3
21 7 3
21 9 4
21 10 4
21 11 4
21 12 2
21 13 4
21 14 3
21 15 2
21 16 4
21 18 4
21 19 3
21 21 5
21 23 4
21 27 4
21 28 4
21 33 1
21 34 4
21 35 4
21 36 4
21 37 4
21 39 2
21 40 4
21 43 4
21 44 5
21 48 1
21 49 5
21 50 4
21 52 2
21 53 4
21 55 3
21 57 5
21 60 2
21 62 3
21 63 4
21 70 2
21 72 4
21 73 4
21 74 4
21 75 4
21 76 4
21 78 1
21 81 1
21 83 2
21 86 4
21 87 3
21 88 4
21 91 2
21 94 2
21 97 3
21 98 2
21 112 3
21 115 4
21 119 3
21 131 4
21 166 4
21 246 1
21 307 1
22 0 4
22 3 3
22 4 2
22 5 4
22 8 4
22 9 3
22 11 4
22 14 5
22 16 4
22 20 3
22 21 2
22 24 4
22 26 4
22 29 5
22 30 4
22 32 4
22 34 3
22 36 3
22 37 4
22 39 3
22 45 5
22 49 3
22 52 4
22 56 3
22 59 4
22 65 4
22 69 3
22 93 3
22 95 4
22 115 3
22 116 4
22 122 4
22 124 4
22 126 4
22 127 4
22 137 5
22 143 3
22 159 3
22 186 3
22 187 4
22 231 4
22 278 3
22 289 3
23 0 3
23 1 3
23 2 3
23 3 4
23 8 3
23 11 3
23 13 3
23 14 4
23 15 4
23 16 4
23 19 3
23 20 4
23 22 3
23 23 4
23 28 4
23 29 5
23 31 5
23 33 3
23 34 4
23 35 4
23 36 2
23 38 3
23 39 4
23 46 3
23 49 4
23 55 4
23 57 3
23 78 2
23 85 3
23 90 3
23 91 3
23 92 4
23 111 3
23 112 4
23 114 2
23 116 5
23 124 4
23 155 4
23 158 3
23 159 4
23 163 3
23 171 4
23 173 3
23 241 4
23 272 3
24 0 5
24 3 4
24 4 2
24 9 4
24 10 3
24 11 5
24 12 3
24 14 4
24 17 5
24 18 4
24 20 5
24 21 3
24 24 5
24 25 3
24 31 4
24 33 5
24 36 3
24 37 4
24 40 3
24 41 4
24 42 3
24 47 3
24 48 3
24 50 4
24 56 2
24 58 3
24 59 4
24 71 3
24 73 3
24 74 4
24 77 4
24 80 3
24 82 3
24 94 3
24 105 1
24 108 2
24 111 4
24 125 4
24 143 2
24 150 4
24 152 5
24 164 4
24 174 2
24 175 1
24 192 3
24 223 1
24 228 3
25 0 4
25 2 4
25 3 3
25 4 3
25 5 5
25 7 4
25 8 4
25 10 2
25 12 3
25 13 1
25 15 4
25 16 4
25 18 3
25 19 3
25 20 1
25 21 4
25 23 3
25 24 2
25 26 4
25 27 4
25 28 2
25 31 4
25 33 3
25 34 2
25 35 4
25 37 4
25 39 4
25 41 4
25 45 2
25 46 3
25 49 3
25 61 3
25 64 1
25 66 4
25 71 2
25 74 2
25 77 1
25 79 3
25 85 3
25 86 1
25 95 2
25 98 2
25 99 3
25 107 3
25 116 3
25 117 2
25 118 2
25 126 2
25 128 3
25 137 3
25 145 1
25 149 2
25 150 2
25 159 2
25 182 2
25 188 3
25 190 1
25 197 2
25 243 3
26 0 4
26 5 3
26 6 3
26 11 3
26 16 3
26 27 5
26 28 2
26 29 3
26 30 3
26 35 4
26 37 3
26 39 2
26 45 5
26 46 4
26 49 3
26 52 3
26 53 1
26 59 4
26 60 3
26 65 3
26 66 4
26 72 5
26 74 4
26 77 3
26 79 5
26 80 5
26 85 3
26 91 4
26 104 5
26 107 5
26 109 5
26 126 4
26 127 4
26 129 4
26 131 4
26 134 5
26 141 4
26 159 4
26 162 3
26 163 4
26 197 3
26 241 5
26 264 5
27 0 3
27 1 3
27 2 4
27 5 5
27 7 4
27 19 4
27 30 5
27 39 4
27 46 4
27 51 4
27 54 4
27 64 2
27 67 2
27 75 4
27 84 4
27 113 2
27 129 4
27 136 4
27 138 3
27 146 2
27 147 3
27 155 3
27 156 2
27 160 3
27 161 3
27 165 2
27 166 3
27 182 2
27 184 1
27 194 3
27 196 3
27 199 3
27 216 2
27 236 2
27 243 3
27 253 2
27 262 3
27 277 2
27 281 2
27 296 3
27 314 2
27 322 2
27 325 1
27 331 4
27 341 3
27 350 3
27 352 3
27 353 4
27 355 3
27 357 3
27 360 3
27 365 2
27 368 2
27 377 3
27 384 2
27 416 2
27 417 3
28 0 5
28 1 3
28 3 5
28 4 4
28 9 4
28 10 4
28 13 4
28 16 3
28 18 5
28 20 4
28 24 4
28 31 3
28 35 4
28 38 4
28 40 2
28 41 4
28 43 4
28 44 2
28 46 4
28 47 3
28 48 3
28 50 4
28 55 3
28 59 3
28 60 5
28 63 3
28 68 3
28 73 4
28 76 5
28 87 4
28 96 3
28 101 3
28 108 2
28 110 3
28 114 2
28 119 2
28 124 3
28 127 5
28 139 3
28 143 1
28 151 2
28 152 4
28 154 2
28 198 2
28 202 2
28 210 2
28 227 3
28 228 2
28 229 2
28 244 1
28 249 3
28 332 3
29 0 5
29 1 4
29 3 4
29 4 4
29 5 5
29 9 5
29 10 5
29 12 5
29 13 1
29 21 4
29 23 5
29 24 4
29 26 5
29 30 5
29 38 4
29 41 5
29 44 4
29 47 4
29 49 4
29 50 3
29 56 5
29 58 5
29 69 3
29 73 3
29 81 3
29 86 4
29 87 3
29 96 2
29 101 3
29 106 5
29 108 5
29 113 5
29 122 2
29 127 2
29 132 2
29 135 3
29 136 1
29 139 5
29 163 4
29 171 4
29 175 5
29 214 5
29 227 4
29 234 2
29 252 1
29 274 3
30 0 5
30 2 3
30 3 1
30 4 2
30 8 4
30 10 1
30 11 5
30 14 5
30 15 4
30 17 4
30 18 2
30 20 1
30 23 4
30 30 3
30 34 4
30 35 3
30 38 4
30 42 4
30 45 5
30 49 4
30 52 5
30 66 2
30 72 5
30 80 5
30 90 3
30 100 3
30 104 5
30 109 5
30 122 5
30 127 4
30 128 5
30 134 4
30 148 2
30 150 3
30 163 5
30 173 4
30 177 3
30 190 3
30 342 4
31 0 4
31 1 1
31 3 5
31 8 3
31 9 4
31 11 4
31 12 3
31 13 3
31 14 4
31 15 4
31 17 5
31 21 2
31 22 3
31 24 4
31 27 5
31 28 4
31 31 5
31 32 3
31 41 3
31 43 2
31 49 5
31 50 2
31 52 3
31 55 4
31 56 3
31 60 3
31 66 4
31 69 3
31 73 3
31 82 2
31 97 3
31 100 4
31 106 3
31 134 4
31 149 4
31 172 3
31 175 4
31 179 2
31 192 4
31 200 4
31 206 4
31 214 3
31 230 3
31 238 3
31 245 4
32 1 4
32 4 5
32 5 5
32 6 3
32 8 5
32 9 4
32 10 4
32 12 4
32 18 5
32 19 3
32 20 5
32 24 5
32 25 2
32 26 4
32 29 5
32 33 5
32 37 4
32 40 5
32 43 4
32 44 4
32 47 4
32 49 3
32 51 5
32 52 4
32 56 4
32 57 4
32 58 5
32 62 4
32 63 3
32 68 4
32 69 4
32 73 5
32 89 4
32 97 5
32 99 4
32 103 5
32 105 4
32 118 5
32 153 5
32 154 4
32 158 4
32 165 3
32 179 3
32 180 5
32 234 3
33 0 4
33 1 2
33 3 4
33 4 2
33 8 3
33 10 3
33 13 2
33 14 4
33 16 3
33 17 5
33 23 2
33 24 2
33 28 5
33 29 4
33 30 4
33 31 5
33 32 4
33 35 5
33 38 3
33 41 2
33 45 3
33 46 3
33 47 1
33 51 4
33 52 5
33 57 3
33 59 3
33 65 2
33 66 5
33 68 5
33 72 4
33 76 4
33 79 5
33 85 4
33 88 1
33 93 1
33 99 1
33 100 5
33 112 5
33 123 2
33 128 4
33 130 5
33 141 4
33 149 5
33 186 5
33 253 4
33 262 4
33 281 4
34 0 5
34 4 2
34 6 5
34 8 2
34 11 2
34 12 4
34 17 4
34 21 1
34 22 3
34 24 2
34 31 4
34 38 3
34 40 3
34 41 2
34 44 2
34 48 5
34 50 4
34 58 2
34 68 3
34 69 2
34 76 5
34 78 3
34 79 5
34 80 4
34 82 1
34 87 4
34 92 3
34 100 4
34 106 3
34 122 3
34 139 1
34 171 5
34 172 3
34 214 5
34 257 2
34 271 1
35 0 4
35 4 3
35 11 4
35 12 4
35 14 5
35 16 3
35 18 4
35 20 4
35 22 3
35 25 4
35 26 3
35 27 5
35 28 4
35 29 4
35 31 5
35 33 3
35 34 4
35 37 4
35 39 4
35 40 3
35 43 2
35 44 3
35 48 5
35 50 3
35 55 5
35 57 5
35 58 3
35 59 4
35 61 4
35 68 4
35 69 4
35 74 5
35 76 4
35 97 4
35 103 4
35 108 2
35 125 3
35 130 4
35 154 3
35 159 4
35 171 4
35 201 3
35 205 3
36 0 5
36 2 3
36 9 2
36 11 4
36 14 5
36 15 5
36 17 4
36 27 5
36 28 4
36 31 5
36 34 5
36 35 5
36 37 4
36 38 5
36 41 3
36 45 4
36 55 4
36 57 3
36 66 2
36 67 3
36 79 4
36 83 4
36 100 5
36 104 4
36 117 4
36 121 2
36 122 3
36 123 3
36 124 4
36 128 3
36 130 3
36 137 3
36 147 2
36 148 3
36 155 2
36 156 2
36 169 4
36 184 2
36 187 5
36 200 4
36 211 4
36 223 2
36 265 4
36 310 1
36 320 2
36 330 3
36 350 4
37 0 5
37 2 5
37 3 5
37 4 5
37 6 3
37 7 2
37 9 5
37 10 2
37 11 3
37 14 5
37 15 4
37 16 2
37 19 5
37 20 5
37 21 4
37 22 5
37 23 4
37 24 4
37 25 2
37 34 5
37 43 4
37 47 5
37 48 5
37 49 2
37 52 2
37 58 5
37 61 4
37 63 2
37 64 1
37 68 4
37 90 4
37 96 1
37 99 3
37 110 2
37 114 2
37 150 5
37 189 4
38 0 4
38 1 3
38 3 5
38 6 4
38 11 4
38 12 5
38 14 5
38 15 3
38 27 5
38 31 5
38 34 4
38 57 5
38 59 5
38 71 3
38 74 5
38 80 5
38 81 4
38 90 4
38 92 3
38 116 5
38 124 4
38 150 4
38 154 3
38 155 3
38 181 2
38 186 5
38 219 3
38 234 2
39 0 5
39 1 3
39 2 3
39 3 5
39 4 4
39 6 3
39 9 4
39 11 4
39 12 3
39 14 4
39 15 5
39 17 5
39 22 4
39 24 3
39 26 2
39 27 5
39 28 4
39 29 5
39 30 5
39 31 4
39 33 3
39 38 5
39 41 2
39 42 4
39 46 3
39 59 2
39 60 4
39 62 3
39 66 3
39 69 4
39 71 3
39 74 4
39 99 3
39 101 3
39 107 4
39 125 4
39 165 1
40 0 5
40 1 2
40 2 4
40 4 3
40 6 2
40 7 2
40 10 3
40 13 4
40 17 4
40 19 3
40 22 3
40 23 5
40 29 5
40 33 2
40 36 4
40 39 3
40 42 3
40 45 5
40 46 4
40 51 3
40 53 3
40 54 3
40 60 3
40 62 2
40 65 3
40 75 4
40 76 3
40 93 3
40 94 4
40 114 1
40 129 5
40 136 5
40 162 4
40 168 2
40 172 3
40 177 3
40 206 4
40 211 4
40 264 4
40 280 2
40 305 3
40 322 5
40 329 3
40 346 3
41 3 2
41 8 3
41 9 4
41 12 3
41 15 4
41 18 4
41 27 4
41 28 4
41 31 5
41 35 5
41 38 2
41 40 3
41 50 5
41 55 5
41 56 3
41 66 5
41 70 3
41 74 4
41 79 4
41 81 3
41 82 2
41 85 2
41 96 5
41 112 5
41 121 4
41 130 1
41 144 2
41 154 3
41 157 4
41 188 2
41 195 2
41 208 3
41 228 3
41 268 3
42 3 5
42 9 5
42 11 4
42 14 5
42 16 4
42 17 4
42 19 4
42 20 4
42 22 4
42 27 5
42 28 5
42 31 4
42 35 5
42 45 5
42 52 3
42 55 5
42 57 5
42 61 4
42 69 4
42 80 4
42 83 4
42 100 4
42 103 4
42 112 5
42 116 5
42 128 4
42 175 3
42 177 4
42 219 3
43 0 5
43 2 5
43 3 5
43 4 4
43 5 5
43 7 4
43 9 5
43 12 5
43 19 4
43 20 5
43 22 5
43 23 4
43 24 5
43 25 3
43 33 4
43 39 4
43 40 5
43 41 4
43 42 4
43 43 5
43 48 4
43 49 3
43 54 4
43 62 5
43 63 2
43 70 2
43 71 5
43 78 5
43 81 3
43 82 5
43 84 4
43 86 3
43 97 5
43 110 2
43 113 5
43 119 2
43 140 3
43 146 4
43 152 5
43 165 2
43 183 5
43 210 4
44 2 3
44 3 4
44 7 1
44 8 5
44 9 4
44 10 5
44 11 3
44 13 4
44 14 5
44 16 4
44 18 3
44 20 2
44 26 3
44 27 4
44 28 3
44 32 3
44 37 3
44 40 4
44 44 3
44 49 3
44 54 5
44 59 4
44 64 1
44 70 3
44 74 5
44 86 4
44 91 4
44 96 3
44 131 4
44 148 5
44 153 3
44 179 2
44 202 3
44 209 3
44 249 3
45 0 3
45 1 3
45 3 5
45 7 1
45 10 4
45 12 5
45 19 1
45 22 4
45 42 3
45 48 4
45 53 2
45 56 1
45 62 1
45 64 2
45 65 3
45 72 3
45 75 3
45 76 5
45 98 1
45 114 2
45 135 1
45 142 2
45 143 2
45 145 4
45 147 2
45 154 2
45 156 2
45 157 3
45 158 1
45 165 1
45 167 3
45 170 4
45 172 2
45 193 2
45 194 3
45 208 3
45 210 1
45 215 1
45 216 2
45 224 3
45 226 2
45 232 3
45 235 1
45 250 2
45 270 1
45 276 1
45 305 2
45 315 1
46 0 2
46 1 4
46 3 3
46 8 5
46 10 5
46 11 4
46 14 4
46 28 5
46 31 4
46 37 4
46 39 4
46 42 4
46 44 5
46 45 4
46 46 3
46 57 3
46 59 2
46 66 5
46 68 4
46 83 4
46 86 4
46 111 5
46 130 4
46 138 4
46 139 4
46 143 1
46 169 4
46 175 5
46 185 3
46 197 4
46 199 2
46 218 3
46 220 3
46 229 2
47 0 5
47 2 3
47 4 5
47 5 5
47 6 5
47 7 4
47 8 4
47 25 3
47 33 3
47 38 5
47 41 3
47 48 4
47 58 4
47 61 3
47 62 4
47 68 3
47 70 3
47 81 4
47 87 3
47 89 2
47 96 3
47 101 4
47 125 4
47 135 4
47 150 5
47 151 4
47 161 2
47 178 4
47 183 4
47 223 4
47 236 1
48 0 5
48 2 2
48 3 4
48 4 4
48 5 2
48 7 2
48 11 4
48 13 3
48 20 1
48 24 5
48 26 4
48 27 4
48 30 4
48 35 2
48 36 1
48 38 3
48 41 4
48 43 3
48 44 3
48 46 5
48 47 2
48 49 4
48 55 3
48 56 4
48 61 5
48 63 2
48 66 4
48 71 4
48 73 3
48 74 5
48 83 4
48 106 3
48 107 5
48 123 4
48 128 3
48 130 4
48 139 4
48 141 4
48 209 1
48 219 2
48 227 3
49 0 5
49 9 2
49 12 3
49 15 3
49 16 3
49 18 4
49 26 4
49 27 5
49 34 4
49 35 5
49 38 5
49 41 3
49 45 5
49 49 3
49 55 5
49 59 4
49 74 5
49 77 5
49 83 4
49 86 3
49 92 3
49 93 3
49 104 4
49 112 4
49 140 4
49 171 3
49 186 3
50 0 1
50 1 3
50 2 1
50 3 5
50 8 4
50 9 4
50 11 5
50 12 5
50 13 1
50 14 5
50 16 4
50 17 3
50 20 5
50 21 5
50 26 3
50 27 5
50 35 5
50 37 2
50 49 5
50 52 4
50 61 1
50 79 3
50 85 3
50 90 1
50 97 4
50 100 5
50 107 4
50 149 4
50 159 3
50 177 2
50 203 4
50 256 5
50 301 5
51 0 4
51 1 3
51 2 4
51 4 4
51 7 3
51 8 4
51 9 5
51 11 4
51 14 4
51 18 4
51 19 2
51 21 4
51 22 4
51 23 4
51 27 5
51 33 5
51 34 5
51 39 3
51 42 3
51 46 5
51 47 3
51 52 5
51 58 5
51 62 3
51 76 5
51 83 4
51 105 1
51 106 4
51 150 5
51 170 5
52 0 5
52 2 1
52 3 4
52 12 3
52 18 2
52 27 5
52 30 5
52 31 5
52 34 1
52 35 5
52 51 1
52 52 5
52 55 5
52 59 2
52 72 5
52 74 3
52 85 5
52 94 5
52 107 5
52 117 5
52 121 5
52 122 5
52 124 5
52 171 5
52 188 5
52 190 5
52 197 4
52 203 2
53 8 5
53 9 5
53 10 4
53 11 4
53 14 5
53 15 5
53 18 4
53 26 3
53 27 4
53 28 5
53 31 4
53 40 4
53 43 3
53 55 4
53 57 5
53 74 4
53 90 4
53 121 3
53 130 4
53 137 4
53 149 4
53 169 3
53 187 4
53 191 4
53 195 5
53 197 4
53 317 3
54 0 5
54 1 3
54 2 5
54 3 5
54 6 1
54 7 3
54 10 2
54 12 4
54 17 4
54 22 5
54 25 3
54 29 5
54 30 2
54 33 5
54 34 5
54 36 3
54 39 4
54 40 5
54 42 2
54 43 5
54 46 4
54 47 2
54 53 4
54 67 4
54 75 4
54 88 1
54 92 4
54 93 3
54 95 4
54 109 3
54 129 4
54 138 1
54 142 3
54 158 3
54 182 2
54 216 1
54 322 3
55 0 4
55 1 4
55 2 4
55 3 4
55 9 4
55 12 4
55 14 4
55 15 4
55 16 3
55 18 4
55 19 3
55 20 1
55 21 3
55 29 4
55 34 4
55 37 3
55 51 4
55 57 4
55 61 3
55 64 2
55 66 3
55 71 4
55 74 3
55 75 3
55 116 2
55 117 5
55 121 4
55 122 3
55 128 4
55 136 3
55 169 4
55 197 3
56 0 5
56 1 4
56 3 2
56 5 4
56 6 4
56 8 4
56 9 4
56 10 4
56 11 1
56 14 4
56 15 2
56 18 5
56 19 4
56 20 3
56 24 4
56 27 4
56 28 4
56 31 4
56 33 4
56 36 4
56 48 4
56 49 5
56 60 3
56 62 4
56 63 3
56 69 4
56 73 4
56 85 3
56 87 3
56 90 4
56 114 2
56 117 3
57 1 5
57 6 4
57 8 4
57 12 4
57 14 5
57 15 5
57 24 5
57 26 5
57 27 5
57 31 5
57 35 5
57 38 5
57 44 5
57 55 5
57 66 5
57 68 3
57 87 5
57 95 5
57 117 3
57 122 5
57 124 5
57 127 5
57 149 5
57 163 5
58 0 3
58 1 3
58 4 4
58 6 3
58 7 2
58 10 1
58 12 3
58 13 3
58 16 4
58 17 4
58 22 3
58 23 3
58 24 3
58 28 1
58 33 2
58 45 4
58 51 4
58 60 3
58 88 3
58 93 4
58 94 4
58 114 3
58 136 3
58 142 3
58 148 3
58 158 3
58 194 4
58 206 3
58 286 3
58 320 4
59 0 5
59 1 1
59 3 5
59 4 3
59 6 2
59 9 4
59 10 3
59 13 3
59 14 5
59 17 4
59 18 4
59 20 5
59 28 4
59 29 5
59 30 5
59 32 4
59 39 2
59 42 5
59 45 5
59 46 5
59 48 1
59 51 3
59 52 4
59 53 2
59 55 4
59 66 5
59 72 4
59 74 5
59 75 5
59 94 2
59 104 5
59 124 5
59 134 3
59 137 5
59 138 4
59 166 5
59 173 5
60 0 4
60 3 5
60 4 4
60 6 1
60 8 2
60 16 3
60 17 4
60 21 4
60 22 5
60 26 4
60 30 5
60 38 3
60 48 4
60 60 2
60 66 2
60 70 2
60 100 2
60 117 3
60 125 3
60 171 4
60 319 2
61 0 3
61 1 2
61 2 3
61 3 5
61 5 5
61 7 2
61 27 3
61 30 3
61 34 5
61 35 4
61 39 3
61 45 4
61 46 3
61 51 2
61 59 3
61 64 2
61 67 2
61 75 4
61 109 3
61 129 3
61 136 3
61 158 3
61 182 2
61 187 3
61 196 2
62 0 4
62 1 2
62 3 5
62 4 4
62 5 4
62 6 3
62 8 4
62 10 4
62 11 4
62 12 3
62 13 4
62 14 4
62 15 2
62 17 3
62 23 3
62 26 2
62 33 4
62 38 3
62 47 3
62 48 5
62 49 4
62 60 4
62 63 3
62 67 3
62 123 4
62 152 3
62 261 2
63 2 5
63 3 5
63 6 5
63 9 5
63 10 5
63 11 5
63 12 5
63 14 5
63 18 5
63 22 5
63 23 3
63 24 5
63 27 5
63 35 5
63 36 4
63 37 4
63 41 3
63 48 4
63 61 5
63 69 5
63 95 5
63 140 3
63 208 1
64 0 5
64 12 5
64 15 4
64 16 5
64 23 5
64 27 5
64 43 4
64 44 4
64 56 5
64 69 4
64 72 5
64 81 1
64 86 3
64 107 5
64 108 5
64 116 5
64 131 5
64 144 5
64 167 5
64 220 1
64 250 5
65 0 5
65 1 4
65 3 4
65 4 4
65 6 5
65 7 5
65 8 5
65 10 5
65 11 4
65 14 4
65 16 3
65 18 5
65 20 4
65 21 5
65 23 4
65 25 3
65 26 5
65 28 4
65 29 5
65 34 4
65 44 4
65 49 3
65 57 5
65 63 3
65 65 3
65 78 2
65 98 5
65 99 3
65 103 5
65 110 3
65 176 4
65 217 2
66 0 5
66 2 4
66 3 4
66 4 5
66 6 3
66 8 2
66 9 5
66 12 5
66 14 5
66 17 3
66 20 3
66 22 4
66 24 5
66 25 2
66 32 5
66 38 4
66 52 2
66 60 4
66 64 1
66 67 3
66 100 5
66 134 4
66 152 2
66 156 1
66 195 2
67 0 4
67 6 1
67 9 2
67 10 4
67 11 4
67 12 1
67 13 4
67 15 3
67 16 3
67 26 2
67 29 4
67 31 5
67 32 3
67 44 3
67 45 5
67 52 4
67 61 3
67 66 3
67 74 4
67 87 2
67 100 3
67 104 3
67 107 5
67 116 2
67 124 3
67 127 4
67 130 5
67 131 2
67 132 1
67 159 2
67 185 2
67 231 2
67 299 3
68 0 5
68 6 3
68 8 3
68 10 3
68 12 5
68 13 1
68 25 1
68 31 5
68 32 4
68 49 5
68 51 4
68 63 4
68 68 4
68 70 3
68 74 5
68 80 5
68 87 5
68 99 4
68 101 4
68 103 4
68 105 3
68 108 1
68 132 3
68 133 2
68 139 5
68 178 2
68 218 3
68 312 4
69 0 4
69 5 5
69 6 3
69 8 4
69 9 5
69 10 3
69 11 4
69 12 4
69 14 4
69 15 4
69 17 5
69 18 3
69 20 5
69 24 3
69 26 5
69 32 3
69 37 4
69 41 3
69 42 4
69 43 3
69 59 4
69 76 3
69 77 4
69 78 5
69 86 3
69 97 4
69 106 3
69 143 3
69 266 4
70 0 5
70 4 4
70 11 4
70 18 4
70 21 4
70 28 3
70 29 5
70 38 4
70 41 1
70 43 4
70 60 4
70 81 1
70 90 1
70 92 3
70 96 3
70 98 1
70 110 1
70 120 3
70 125 5
70 176 1
70 218 3
70 246 1
70 260 1
71 1 4
71 8 2
71 9 1
71 18 3
71 24 3
71 27 4
71 28 2
71 29 4
71 35 2
71 39 3
71 57 4
71 74 3
71 80 4
71 85 4
71 94 4
71 98 1
71 99 3
71 101 3
71 112 1
71 116 2
71 121 2
71 124 2
71 128 4
71 130 3
71 149 3
71 187 2
72 1 2
72 4 3
72 5 4
72 6 2
72 8 5
72 10 5
72 11 5
72 13 4
72 15 5
72 22 1
72 28 3
72 32 1
72 34 4
72 36 4
72 37 2
72 39 3
72 51 4
72 52 4
72 62 4
72 63 1
72 97 4
72 103 4
72 119 4
72 122 3
72 137 3
72 150 3
72 306 4
73 0 5
73 1 2
73 4 3
73 8 5
73 9 5
73 12 4
73 15 4
73 19 4
73 21 4
73 24 5
73 26 4
73 29 5
73 30 5
73 37 4
73 55 4
73 57 5
73 64 2
73 79 4
73 90 5
73 99 4
73 128 4
73 187 3
73 195 5
73 239 3
74 1 1
74 2 4
74 3 1
74 4 4
74 5 4
74 12 3
74 13 1
74 32 3
74 33 2
74 44 4
74 54 3
74 70 3
74 78 1
74 81 3
74 84 1
74 87 4
74 97 4
74 99 3
74 113 3
74 151 1
74 220 3
74 227 4
74 332 4
75 4 4
75 5 4
75 8 4
75 11 5
75 14 4
75 15 4
75 16 4
75 18 5
75 21 4
75 23 4
75 24 5
75 26 3
75 27 3
75 29 5
75 30 4
75 32 4
75 37 4
75 39 3
75 51 2
75 61 4
75 63 3
75 68 4
75 76 5
75 80 4
75 116 5
75 123 3
75 127 5
76 0 5
76 6 5
76 8 5
76 12 5
76 14 5
76 15 4
76 18 4
76 26 4
76 27 5
76 28 2
76 29 5
76 31 5
76 35 5
76 40 2
76 44 2
76 49 2
76 55 3
76 57 5
76 68 4
76 69 3
76 79 5
76 90 3
76 92 3
76 101 3
76 120 2
76 137 5
76 154 3
76 157 4
76 181 3
77 0 4
77 4 4
77 8 5
77 12 3
77 13 5
77 14 5
77 15 4
77 16 4
77 18 4
77 23 4
77 24 5
77 28 4
77 34 4
77 45 3
77 48 1
77 53 4
77 55 4
77 61 4
77 68 4
77 80 2
77 83 4
77 93 3
77 99 4
78 0 5
78 2 4
78 3 5
78 5 5
78 9 5
78 15 3
78 19 3
78 20 3
78 30 2
78 33 5
78 43 5
78 72 3
78 146 4
78 156 3
78 162 3
78 172 3
78 184 3
78 194 3
78 233 3
78 255 3
78 287 3
78 331 3
78 369 3
79 0 4
79 1 2
79 2 4
79 6 3
79 9 5
79 11 5
79 12 4
79 14 4
79 15 5
79 20 5
79 21 4
79 28 4
79 31 4
79 36 5
79 42 5
79 43 3
79 52 4
79 53 3
79 57 3
79 62 4
79 66 3
79 81 2
79 97 4
79 118 5
79 137 5
79 147 2
80 0 5
80 2 2
80 5 5
80 20 4
80 29 5
80 30 5
80 37 4
80 39 3
80 45 3
80 51 4
80 64 1
80 121 5
80 136 4
80 137 5
80 145 3
80 166 5
80 262 4
81 1 3
81 2 5
81 5 4
81 7 4
81 19 3
81 30 5
81 54 5
81 64 3
81 67 5
81 75 4
81 98 3
81 123 4
81 129 2
81 136 2
81 138 3
81 145 2
81 146 3
81 148 4
81 155 3
81 156 2
81 165 5
81 194 3
81 196 4
81 216 3
81 233 5
81 235 2
82 1 1
82 3 1
82 8 1
82 12 3
82 14 4
82 17 1
82 29 3
82 69 4
82 72 3
82 79 3
82 142 1
82 144 3
82 154 3
82 157 4
82 172 1
82 193 1
82 232 5
82 276 3
82 304 5
83 0 4
83 1 3
83 2 4
83 4 3
83 7 1
83 17 3
83 23 2
83 25 2
83 29 4
83 32 3
83 39 3
83 42 3
83 46 3
83 51 4
83 67 3
83 75 3
83 78 1
83 93 3
83 142 2
83 158 1
84 1 4
84 2 5
84 7 3
84 30 5
84 51 3
84 54 4
84 67 5
84 72 4
84 75 2
84 84 3
84 113 1
84 123 2
84 129 3
84 138 1
84 147 1
84 148 2
84 156 2
84 160 2
84 207 2
84 255 3
84 277 4
84 287 2
84 300 3
85 0 5
85 1 3
85 2 3
85 6 3
85 7 3
85 8 4
85 11 4
85 14 3
85 15 4
85 24 3
85 35 4
85 38 3
85 39 2
85 44 3
85 46 4
85 55 4
85 73 3
85 124 4
85 127 3
85 128 3
85 186 3
85 187 3
85 190 4
86 0 5
86 1 3
86 2 4
86 4 4
86 5 5
86 10 3
86 13 4
86 23 4
86 32 4
86 33 4
86 42 3
86 51 4
86 53 4
86 62 4
86 63 2
86 65 1
86 119 4
86 123 2
86 129 2
86 131 5
86 133 4
86 136 3
86 199 3
87 0 5
87 5 4
87 8 3
87 10 4
87 11 4
87 12 4
87 14 5
87 16 4
87 17 3
87 18 2
87 24 2
87 26 4
87 32 4
87 35 5
87 41 2
87 43 2
87 49 3
87 53 2
87 70 2
87 84 3
87 97 4
88 0 4
88 3 4
88 7 2
88 8 4
88 10 3
88 14 5
88 29 4
88 31 5
88 35 4
88 45 5
88 46 4
88 51 4
88 57 5
88 72 4
88 94 5
88 104 4
88 122 4
88 127 4
88 162 3
88 166 4
88 173 5
88 204 2
88 230 3
89 0 3
89 3 3
89 4 4
89 6 4
89 8 4
89 11 3
89 13 4
89 15 5
89 16 5
89 19 2
89 21 4
89 24 4
89 32 5
89 38 3
89 44 4
89 61 4
89 63 2
89 68 3
89 86 3
89 101 3
89 115 4
89 120 3
89 133 3
89 139 2
89 153 3
90 0 5
90 3 3
90 15 4
90 16 5
90 24 4
90 28 4
90 38 4
90 45 5
90 72 5
90 76 5
90 90 5
90 115 5
90 116 5
90 119 4
90 120 4
90 163 4
90 231 5
90 253 4
90 278 5
91 0 5
91 1 3
91 2 4
91 5 4
91 7 2
91 8 5
91 9 5
91 12 5
91 14 5
91 15 5
91 29 5
91 31 3
91 35 4
91 55 4
91 57 5
91 61 2
91 68 2
91 84 2
91 85 4
91 169 3
91 188 4
92 0 4
92 1 4
92 2 4
92 3 3
92 4 5
92 9 5
92 10 4
92 11 4
92 12 4
92 15 4
92 21 4
92 22 3
92 24 4
92 36 3
92 66 5
92 67 4
92 71 3
92 74 5
92 77 4
92 141 5
92 149 5
92 213 5
92 323 3
93 0 4
93 1 4
93 2 4
93 4 3
93 8 4
93 9 3
93 18 4
93 24 3
93 29 3
93 38 2
93 40 3
93 43 3
93 47 3
93 51 3
93 61 3
93 65 3
93 71 4
93 76 3
93 92 3
93 101 2
93 103 2
93 225 3
93 251 3
94 0 5
94 2 3
94 3 5
94 5 5
94 6 5
94 14 4
94 18 5
94 20 2
94 26 3
94 28 4
94 31 4
94 34 3
94 40 3
94 57 3
94 73 3
94 92 2
94 113 4
95 0 5
95 3 5
95 4 4
95 9 3
95 12 5
95 14 5
95 17 5
95 18 4
95 22 4
95 23 2
95 35 5
95 40 3
95 52 4
95 95 5
95 97 3
95 226 4
96 0 5
96 1 3
96 3 5
96 4 3
96 6 4
96 9 5
96 10 3
96 17 3
96 19 2
96 22 4
96 26 5
96 34 5
96 35 4
96 46 3
96 54 3
96 75 4
96 145 3
96 156 2
96 169 5
97 3 5
97 11 4
97 12 3
97 17 4
97 27 5
97 28 4
97 34 3
97 45 5
97 71 3
97 80 4
97 90 3
97 97 4
97 140 3
98 0 4
98 1 3
98 2 3
98 5 4
98 12 4
98 14 4
98 24 3
98 27 4
98 35 5
98 61 3
98 67 3
98 103 4
98 129 2
98 139 3
99 1 2
99 2 3
99 3 5
99 4 2
99 7 1
99 19 1
99 22 2
99 53 1
99 56 4
99 67 2
99 84 5
99 105 1
99 142 2
99 144 2
99 157 3
99 165 1
99 179 1
99 189 1
99 208 1
99 215 4
99 250 2
99 270 1
100 0 5
100 2 2
100 3 3
100 4 2
100 5 4
100 18 4
100 22 3
100 28 3
100 45 4
100 57 4
100 76 3
100 137 4
100 197 3
100 245 4
101 1 2
101 3 4
101 4 4
101 8 3
101 9 4
101 15 3
101 16 4
101 18 3
101 21 4
101 23 3
101 24 4
101 38 3
101 39 3
101 61 3
101 64 1
101 104 4
101 122 4
101 265 2
102 1 5
102 4 5
102 6 4
102 17 4
102 25 4
102 32 3
102 33 5
102 36 5
102 48 5
102 60 4
102 62 4
102 88 3
102 110 4
102 201 3
102 217 4
102 358 2
103 2 5
103 4 4
103 5 3
103 8 5
103 11 4
103 14 4
103 15 5
103 24 5
103 26 5
103 51 5
103 55 5
103 74 5
104 0 5
104 6 5
104 10 5
104 11 5
104 13 4
104 17 5
104 25 5
104 44 2
104 80 3
104 107 3
104 108 5
104 111 3
104 115 3
104 116 5
104 126 5
104 145 3
105 1 2
105 2 5
105 9 5
105 11 4
105 12 4
105 15 4
105 28 5
105 30 5
105 57 5
105 79 5
105 129 5
105 136 1
105 137 4
105 269 2
105 373 5
106 4 3
106 7 2
106 10 4
106 16 4
106 17 5
106 22 4
106 29 5
106 45 5
106 52 5
106 65 3
106 78 1
106 110 1
106 166 4
106 278 5
107 0 5
107 1 4
107 2 3
107 4 1
107 5 5
107 14 5
107 20 2
107 25 1
107 29 4
107 35 5
107 75 4
107 78 2
107 91 3
107 107 5
107 127 4
107 131 3
107 184 4
108 1 3
108 4 4
108 5 3
108 6 4
108 13 3
108 19 3
108 22 4
108 32 3
108 33 3
108 42 4
108 46 4
108 146 4
108 189 3
109 0 4
109 10 2
109 14 3
109 18 3
109 26 2
109 31 5
109 38 5
109 55 5
109 92 2
109 152 1
109 191 5
110 5 2
110 14 5
110 17 2
110 27 5
110 31 5
110 34 5
110 37 4
110 45 5
110 49 4
110 57 4
110 77 4
110 107 5
111 2 5
111 4 4
111 5 5
111 6 2
111 7 3
111 13 4
111 22 3
111 30 4
111 32 3
111 36 3
111 42 4
111 84 3
111 105 3
111 113 4
111 114 3
111 133 3
111 176 4
111 311 2
112 11 4
112 25 3
112 48 1
112 74 4
112 79 4
112 82 1
112 97 4
112 115 1
112 118 1
112 128 4
112 154 2
112 191 4
112 202 1
112 261 3
113 0 4
113 4 3
113 6 5
113 7 3
113 10 5
113 12 4
113 13 4
113 17 3
113 18 3
113 22 4
113 23 4
113 24 5
113 25 3
113 35 5
113 36 4
113 39 4
113 42 3
113 76 5
113 177 3
114 0 4
114 4 4
114 9 5
114 12 4
114 18 3
114 28 4
114 29 4
114 40 1
114 43 5
114 47 3
114 81 3
114 92 3
115 3 4
115 7 2
115 17 4
115 30 4
115 31 5
115 35 5
115 38 5
115 39 2
115 45 4
115 49 4
115 77 5
115 85 3
115 100 5
116 1 4
116 4 2
116 13 1
116 17 4
116 19 3
116 23 1
116 24 1
116 61 1
116 62 3
116 65 3
116 68 1
116 78 3
116 91 4
116 101 1
116 172 5
116 179 1
117 0 4
117 1 2
117 4 3
117 5 4
117 8 4
117 19 3
117 20 3
117 29 4
117 30 5
117 32 3
117 33 3
117 36 2
117 46 3
117 77 2
117 124 4
118 1 2
118 2 1
118 5 5
118 19 1
118 54 3
118 64 3
118 67 1
118 72 3
118 255 1
118 264 2
118 277 4
118 287 1
118 316 2
118 318 1
118 328 1
118 348 1
119 0 3
119 1 3
119 2 5
119 6 5
119 7 5
119 10 5
119 13 5
119 17 5
119 39 4
119 48 2
119 145 4
119 184 4
120 0 5
120 4 4
120 6 4
120 13 4
120 17 5
120 22 4
120 30 5
120 45 5
120 48 4
120 67 2
120 93 4
120 145 4
120 156 3
120 161 3
121 0 5
121 1 1
121 2 4
121 5 5
121 13 4
121 32 3
121 39 4
121 45 5
121 51 4
121 53 3
121 75 4
121 109 5
121 133 3
121 204 1
122 1 1
122 2 3
122 4 3
122 6 4
122 10 3
122 17 5
122 25 3
122 47 4
122 48 4
122 65 3
122 88 4
122 93 4
122 98 1
122 158 3
122 172 4
122 176 2
122 201 4
123 2 5
123 5 4
123 13 3
123 23 3
123 29 5
123 30 5
123 39 4
123 51 4
123 53 3
123 91 4
124 0 5
124 1 3
124 9 5
124 18 5
124 20 3
124 22 3
124 40 5
124 50 3
124 275 2
125 0 5
125 1 1
125 2 3
125 3 5
125 12 4
125 67 3
125 69 3
125 84 3
125 93 1
125 138 4
125 142 4
125 167 4
125 250 4
126 0 4
126 1 3
126 4 2
126 7 1
126 10 4
126 17 4
126 22 3
126 32 4
126 45 4
126 48 1
126 63 3
126 102 2
126 114 3
126 119 2
127 0 5
127 3 4
127 4 2
127 9 4
127 21 4
127 27 5
127 40 3
127 66 4
127 80 5
127 140 4
127 303 3
128 0 5
128 3 5
128 9 5
128 20 4
128 21 3
128 22 3
128 43 5
128 47 2
128 50 4
128 58 5
128 152 4
129 0 5
129 4 1
129 10 1
129 17 4
129 22 1
129 29 3
129 39 1
129 60 5
129 75 3
129 93 3
129 341 3
130 4 4
130 6 5
130 9 5
130 10 5
130 13 4
130 17 4
130 23 4
130 25 2
130 45 5
130 65 4
131 0 4
131 5 4
131 16 5
131 28 5
131 35 4
131 41 3
131 74 5
131 90 4
131 182 3
132 1 4
132 2 5
132 5 5
132 30 5
132 54 4
132 67 2
132 98 1
132 123 4
132 145 4
132 147 5
132 148 4
132 233 4
132 236 4
132 255 4
133 1 2
133 19 1
133 30 2
133 54 1
133 67 3
133 113 3
133 146 4
133 155 3
133 160 4
133 207 4
133 232 5
133 258 1
134 2 4
134 6 5
134 17 3
134 33 3
134 39 1
134 46 4
134 47 2
134 53 3
134 54 4
134 114 2
134 189 2
135 0 5
135 1 4
135 3 5
135 6 4
135 11 4
135 24 5
135 28 4
135 60 4
135 74 5
135 80 5
135 101 3
135 284 5
136 1 3
136 37 4
136 44 3
136 75 4
136 84 2
136 127 5
136 129 3
136 145 4
137 1 4
137 2 4
137 3 3
137 5 5
137 13 3
137 33 4
137 42 4
137 56 5
137 84 4
138 3 5
138 4 4
138 6 4
138 10 4
138 13 4
138 14 4
138 27 4
138 31 5
138 45 4
138 55 4
138 104 5
138 111 5
139 0 5
139 11 3
139 12 4
139 27 5
139 30 4
139 35 5
139 36 3
139 85 4
140 0 4
140 9 4
140 28 5
140 35 4
140 57 3
140 94 4
140 137 4
141 0 5
141 4 4
141 6 4
141 7 5
141 13 4
141 23 5
141 25 5
141 29 4
141 32 3
141 33 5
141 47 4
141 48 1
141 62 5
141 88 4
141 158 1
142 1 5
142 2 5
142 4 4
142 7 4
142 17 4
142 19 5
142 23 4
142 48 5
142 60 1
142 62 4
142 98 4
142 131 1
142 226 2
142 233 4
143 23 5
143 32 5
143 36 5
143 39 5
143 63 5
143 119 3
143 199 4
144 0 4
144 10 3
144 11 4
144 13 4
144 29 4
144 45 5
144 57 3
144 59 4
144 69 4
144 131 4
144 163 4
144 187 4
145 2 3
145 5 3
145 30 5
145 51 4
145 54 3
145 84 3
145 129 4
145 155 3
146 0 5
146 1 4
146 5 5
146 7 5
146 11 4
146 18 3
146 20 5
146 22 1
146 31 4
146 40 4
146 214 5
147 0 4
147 1 3
147 6 5
147 10 1
147 29 5
147 48 4
147 63 1
147 72 2
148 1 3
148 4 4
148 5 5
148 7 4
148 10 3
148 14 5
148 15 4
148 25 2
148 33 4
148 55 4
149 10 4
149 18 5
149 19 4
149 27 5
149 29 2
149 31 3
149 35 5
149 55 5
149 66 5
149 74 5
149 82 3
149 115 2
149 265 3
150 0 4
150 3 3
150 14 5
150 16 4
150 39 4
150 49 3
150 90 3
151 2 5
151 5 5
151 7 4
151 19 3
151 51 3
151 54 5
151 67 3
151 75 4
151 123 4
151 138 5
151 165 5
151 194 4
151 243 4
151 255 4
152 0 4
152 4 2
152 17 4
152 22 4
152 46 3
152 48 3
152 60 5
152 94 4
152 166 5
153 1 5
153 2 4
153 19 4
153 54 4
153 64 4
153 72 5
153 75 5
153 136 4
153 160 4
153 161 3
153 184 4
154 1 4
154 2 4
154 19 3
154 54 4
154 64 4
154 67 3
154 75 4
154 136 4
154 145 4
154 148 4
154 156 3
154 165 4
154 204 3
154 216 1
155 2 1
155 17 4
155 29 4
155 45 4
155 52 4
155 107 3
155 115 2
155 127 3
155 163 4
155 280 3
155 293 1
156 0 5
156 3 5
156 11 4
156 21 5
156 22 2
156 71 4
157 0 5
157 1 1
157 3 3
157 15 4
157 19 2
157 26 3
157 31 5
157 57 5
157 82 3
157 378 5
158 1 4
158 2 5
158 6 4
158 10 5
158 13 3
158 25 4
158 72 4
158 88 5
158 98 1
159 2 3
159 4 4
159 10 3
159 17 3
159 22 4
159 23 3
159 42 5
159 45 5
159 48 3
159 65 4
159 76 4
159 91 4
159 94 4
159 102 3
159 131 4
160 0 3
160 34 4
160 45 5
160 55 5
161 1 4
161 2 3
161 30 5
161 45 3
161 113 3
162 2 4
162 5 5
162 30 4
162 54 4
162 64 4
162 138 4
163 0 5
163 1 4
163 2 5
163 4 3
163 10 3
163 17 2
163 23 5
163 46 4
163 53 4
164 1 2
164 2 3
164 5 5
164 7 3
164 30 4
164 51 3
164 54 3
164 113 3
164 136 3
164 147 3
164 196 2
165 1 3
165 2 4
165 7 4
165 51 4
165 109 4
165 123 4
165 136 4
165 145 1
165 161 1
165 184 4
166 2 2
166 5 4
166 67 5
166 146 4
167 0 5
167 1 5
167 2 3
167 4 4
167 10 4
167 23 4
167 24 5
167 25 4
167 39 4
167 51 3
167 69 4
168 1 1
168 2 3
168 19 4
168 54 3
168 75 5
168 109 2
168 129 4
168 136 2
169 1 4
169 4 5
169 7 4
169 19 2
169 22 5
169 53 4
169 160 4
170 17 5
170 22 5
170 94 3
170 172 3
170 206 4
171 0 4
171 9 5
171 11 4
171 15 5
171 27 4
171 99 1
171 148 5
171 348 5
172 1 4
172 2 3
172 7 2
172 54 4
173 2 3
173 7 2
173 10 3
173 39 4
173 84 2
173 147 3
174 0 4
174 7 3
174 23 2
174 29 5
174 39 2
174 51 3
174 94 5
175 3 5
175 12 1
175 56 5
175 69 5
175 142 4
175 224 5
176 1 2
176 17 4
176 22 5
176 76 5
176 104 5
177 2 3
177 19 3
177 51 4
177 148 3
177 156 2
177 161 2
178 0 5
178 17 5
178 22 4
178 25 4
178 33 4
178 42 4
178 133 2
179 1 3
179 5 5
179 7 2
179 30 5
179 54 3
179 75 1
179 84 3
179 98 1
180 127 5
180 147 5
180 148 5
180 156 5
181 0 3
181 6 2
181 61 3
181 68 3
181 88 5
181 103 1
181 176 5
181 212 5
181 234 4
182 5 4
182 30 3
182 72 4
182 109 4
182 147 2
182 287 4
182 300 4
183 10 5
183 11 4
183 51 3
183 54 4
183 64 3
184 20 4
184 125 4
185 5 3
185 30 4
185 51 4
185 109 5
185 148 3
186 0 5
186 1 4
186 2 3
186 3 5
186 23 4
186 39 5
186 182 1
187 1 5
187 2 2
187 4 4
187 6 4
187 13 5
187 17 4
187 22 3
187 42 3
187 60 1
187 91 4
188 7 2
188 10 3
188 13 5
188 25 3
188 65 3
188 223 3
189 0 4
189 6 4
189 7 2
189 42 5
189 53 4
190 12 5
190 27 4
190 86 4
190 140 3
190 164 3
191 0 5
191 23 3
191 27 5
191 89 3
191 137 3
192 2 5
192 16 4
192 19 3
192 33 5
192 39 1
192 46 5
192 51 4
192 91 5
192 253 4
193 66 3
193 95 4
193 188 3
193 256 3
194 4 4
194 10 3
194 23 4
194 33 3
194 60 3
194 65 1
194 88 2
195 3 2
195 12 5
195 69 4
195 142 3
195 144 2
195 157 2
196 0 5
196 1 4
196 3 4
196 7 3
196 8 2
196 22 3
196 169 3
197 0 5
197 6 4
197 13 5
197 16 5
197 107 5
198 2 4
198 72 4
198 84 4
198 160 3
198 318 4
198 328 5
199 4 4
199 7 3
199 10 4
199 23 4
199 33 4
199 51 4
