0 0 2
0 1 3
0 2 3
0 3 3
0 4 4
0 8 3
0 9 4
0 10 3
0 11 2
0 12 3
0 13 4
0 14 2
0 15 3
0 16 3
0 17 2
0 18 3
0 21 3
0 22 4
0 24 4
0 26 3
0 27 3
0 29 3
0 31 2
0 32 3
0 33 3
0 34 5
0 35 4
0 36 3
0 37 2
0 39 4
0 40 2
0 42 3
0 44 3
0 45 2
0 46 4
0 47 3
0 48 2
0 50 4
0 53 3
0 57 3
0 58 4
0 60 3
0 61 4
0 65 2
0 66 3
0 67 3
0 68 5
0 69 3
0 72 3
0 74 2
0 76 2
0 78 3
0 79 2
0 81 2
0 84 3
0 85 3
0 87 2
0 90 3
0 91 3
0 92 3
0 98 2
0 100 2
0 101 2
0 102 4
0 104 2
0 107 3
0 113 3
0 116 2
0 120 3
0 122 2
0 129 3
0 130 2
0 134 2
0 135 2
0 137 2
0 138 3
0 139 4
0 142 2
0 144 2
0 146 3
0 152 3
0 155 3
0 156 3
0 158 1
0 162 3
0 163 3
0 165 3
0 170 3
0 171 2
0 174 3
0 182 3
0 188 3
0 189 3
0 193 3
0 194 3
0 199 5
0 203 2
0 205 3
0 209 2
0 213 3
0 214 2
0 218 2
0 221 4
0 227 3
0 231 3
0 234 3
0 238 3
0 243 4
0 247 3
0 248 3
0 251 2
0 253 2
0 260 1
0 267 3
0 272 3
0 273 3
0 279 3
0 284 3
0 285 3
0 303 2
0 306 3
0 307 3
0 311 3
0 313 3
0 316 3
0 327 3
0 340 3
0 342 2
0 343 3
0 349 3
0 358 3
0 359 3
0 362 3
0 365 3
0 367 4
0 384 3
0 410 3
0 411 3
0 412 3
1 0 5
1 1 5
1 3 4
1 4 5
1 5 5
1 6 5
1 9 5
1 10 4
1 11 4
1 12 5
1 13 5
1 14 5
1 15 4
1 17 4
1 18 5
1 19 3
1 20 5
1 21 5
1 22 5
1 24 5
1 30 4
1 31 4
1 35 5
1 36 5
1 37 5
1 38 2
1 39 2
1 40 4
1 43 5
1 44 3
1 47 5
1 49 4
1 50 1
1 51 5
1 55 2
1 58 5
1 60 3
1 61 5
1 62 5
1 67 5
1 69 5
1 70 4
1 71 4
1 74 3
1 75 4
1 76 4
1 77 1
1 79 5
1 80 3
1 81 5
1 82 3
1 83 2
1 85 3
1 88 2
1 92 3
1 93 5
1 96 4
1 97 4
1 99 5
1 102 2
1 104 3
1 105 3
1 106 3
1 108 2
1 109 5
1 112 3
1 114 5
1 119 3
1 122 4
1 129 5
1 132 4
1 136 5
1 140 4
1 143 4
1 147 1
1 152 4
1 156 5
1 158 5
1 164 3
1 169 3
1 171 3
1 173 3
1 183 2
1 195 2
1 200 3
1 201 3
1 203 4
1 205 4
1 211 3
1 212 4
1 224 3
1 225 4
1 226 3
1 231 4
1 241 4
1 255 5
1 271 3
1 274 4
1 282 2
1 287 4
1 294 3
1 298 1
1 302 5
2 0 4
2 2 4
2 3 4
2 4 5
2 6 5
2 9 4
2 12 4
2 13 4
2 16 3
2 17 3
2 18 3
2 19 2
2 20 4
2 21 4
2 22 5
2 23 3
2 26 3
2 28 3
2 30 4
2 36 3
2 42 4
2 44 2
2 45 4
2 46 5
2 50 2
2 51 5
2 52 3
2 53 4
2 55 4
2 57 4
2 59 4
2 60 3
2 62 4
2 63 4
2 64 4
2 71 3
2 76 4
2 79 4
2 85 3
2 88 3
2 89 3
2 96 3
2 97 3
2 99 4
2 100 4
2 105 3
2 106 4
2 109 4
2 112 3
2 115 4
2 117 3
2 125 3
2 148 4
2 151 4
2 153 3
2 154 3
2 155 3
2 158 4
2 160 2
2 169 2
2 172 4
2 178 4
2 183 2
2 198 4
2 200 3
2 204 3
2 209 2
2 210 2
2 212 4
2 218 4
2 225 3
2 233 3
2 237 3
2 239 3
2 241 3
2 244 3
2 250 1
2 252 3
2 266 3
2 271 3
2 275 3
2 283 4
2 284 5
2 291 2
2 312 3
2 314 4
2 333 3
2 350 2
3 0 3
3 6 4
3 7 5
3 11 4
3 14 2
3 15 5
3 16 5
3 21 5
3 22 5
3 23 4
3 24 4
3 25 5
3 26 5
3 34 3
3 35 5
3 38 3
3 39 4
3 40 4
3 42 5
3 43 5
3 49 4
3 50 5
3 55 4
3 56 3
3 62 4
3 66 5
3 67 5
3 68 5
3 69 4
3 70 4
3 73 4
3 79 3
3 86 2
3 90 5
3 92 5
3 93 3
3 95 4
3 97 4
3 103 4
3 109 4
3 111 4
3 113 5
3 119 4
3 121 3
3 123 4
3 130 4
3 132 4
3 133 5
3 134 3
3 135 4
3 137 3
3 144 4
3 147 3
3 148 2
3 149 4
3 150 3
3 152 3
3 157 3
3 158 5
3 160 4
3 161 4
3 166 2
3 174 2
3 175 2
3 178 4
3 192 1
3 194 4
3 197 3
3 201 2
3 244 2
3 260 1
3 266 2
3 283 3
3 292 3
3 303 3
3 336 2
4 2 3
4 4 4
4 8 4
4 10 4
4 11 4
4 12 3
4 13 4
4 14 4
4 15 5
4 16 4
4 17 5
4 18 3
4 21 3
4 22 4
4 23 4
4 24 4
4 25 4
4 27 5
4 28 3
4 29 4
4 31 4
4 34 4
4 35 4
4 36 3
4 38 4
4 39 3
4 41 4
4 42 3
4 49 5
4 52 2
4 56 5
4 57 4
4 58 4
4 61 4
4 62 4
4 64 3
4 65 4
4 67 4
4 68 4
4 69 4
4 73 5
4 78 4
4 79 2
4 82 2
4 92 3
4 93 4
4 94 5
4 95 4
4 100 4
4 101 4
4 102 5
4 113 3
4 116 3
4 118 4
4 120 3
4 129 3
4 130 4
4 131 2
4 133 3
4 135 4
4 139 5
4 146 5
4 150 4
4 159 4
4 161 3
4 163 3
4 181 5
4 185 4
4 186 4
4 188 5
4 200 3
4 208 4
4 209 4
4 230 4
4 231 4
4 242 4
4 259 5
4 279 4
4 284 5
4 290 4
4 293 3
5 1 2
5 2 2
5 4 5
5 5 4
5 6 3
5 8 3
5 9 4
5 11 4
5 12 3
5 13 4
5 14 4
5 15 3
5 18 4
5 20 2
5 21 3
5 23 3
5 25 4
5 26 4
5 27 2
5 28 2
5 32 5
5 35 4
5 37 2
5 38 3
5 41 2
5 42 3
5 46 3
5 47 4
5 50 4
5 56 3
5 58 4
5 61 2
5 62 2
5 63 1
5 65 1
5 69 3
5 70 3
5 75 4
5 81 3
5 87 3
5 90 4
5 92 4
5 93 4
5 99 3
5 100 1
5 101 4
5 102 3
5 110 3
5 113 3
5 125 3
5 127 4
5 135 3
5 138 3
5 142 2
5 144 1
5 145 1
5 146 4
5 150 3
5 152 3
5 163 4
5 165 3
5 174 4
5 176 3
5 177 1
5 184 3
5 185 3
5 186 3
5 199 4
5 201 2
5 205 3
5 236 3
5 240 1
5 258 2
5 269 2
5 279 3
5 285 4
5 299 5
5 302 2
5 320 1
6 0 4
6 2 2
6 3 3
6 4 5
6 5 4
6 6 3
6 7 4
6 9 5
6 10 4
6 11 5
6 12 5
6 14 3
6 16 4
6 18 5
6 23 4
6 29 5
6 30 3
6 31 4
6 36 3
6 41 3
6 44 4
6 45 4
6 47 4
6 51 3
6 53 3
6 55 3
6 60 4
6 63 3
6 70 4
6 74 4
6 76 4
6 79 3
6 80 2
6 83 3
6 84 4
6 85 4
6 89 3
6 94 4
6 96 4
6 97 2
6 98 2
6 100 4
6 105 2
6 107 5
6 108 3
6 109 3
6 115 2
6 119 4
6 132 4
6 136 3
6 149 3
6 153 3
6 154 3
6 155 4
6 175 3
6 182 5
6 187 4
6 196 1
6 214 4
6 220 2
6 222 3
6 234 3
6 257 3
6 282 2
6 301 3
6 341 4
7 1 2
7 2 5
7 4 4
7 5 5
7 6 5
7 7 3
7 8 3
7 11 5
7 13 4
7 14 3
7 15 3
7 16 3
7 17 5
7 18 5
7 19 2
7 20 4
7 21 5
7 24 4
7 26 5
7 30 5
7 34 3
7 36 3
7 37 4
7 38 2
7 40 2
7 42 5
7 43 3
7 50 5
7 55 3
7 56 4
7 58 4
7 59 3
7 60 1
7 63 4
7 64 4
7 67 3
7 70 4
7 72 4
7 74 3
7 76 4
7 79 4
7 80 2
7 81 4
7 84 3
7 86 4
7 92 3
7 97 4
7 98 4
7 108 3
7 112 2
7 115 3
7 118 5
7 120 5
7 123 4
7 125 2
7 126 2
7 130 4
7 133 3
7 134 4
7 137 3
7 147 3
7 149 2
7 158 4
7 159 3
7 168 4
7 212 2
7 220 4
7 225 4
7 254 2
7 283 3
8 1 3
8 2 5
8 3 4
8 4 5
8 6 2
8 10 1
8 11 5
8 12 3
8 13 3
8 15 2
8 16 3
8 17 3
8 18 1
8 20 3
8 22 1
8 23 3
8 25 5
8 27 5
8 29 2
8 31 1
8 33 2
8 34 1
8 35 4
8 38 5
8 39 5
8 40 3
8 43 5
8 44 4
8 45 4
8 47 4
8 49 5
8 50 4
8 56 4
8 58 2
8 61 3
8 66 5
8 67 4
8 68 4
8 69 3
8 70 4
8 73 5
8 81 4
8 86 4
8 87 2
8 90 2
8 91 5
8 92 3
8 93 4
8 95 5
8 99 4
8 100 4
8 101 3
8 103 3
8 113 5
8 118 3
8 122 3
8 123 3
8 126 4
8 138 3
8 139 1
8 141 4
8 144 3
8 146 4
8 150 4
8 157 4
8 161 4
8 165 4
8 174 4
8 190 3
8 196 2
8 199 4
8 201 3
8 231 4
8 249 4
9 0 2
9 1 5
9 2 2
9 3 4
9 5 2
9 6 4
9 7 4
9 10 3
9 11 5
9 14 3
9 15 3
9 16 3
9 17 5
9 21 3
9 22 2
9 23 3
9 25 4
9 30 4
9 31 3
9 38 3
9 40 4
9 41 1
9 42 3
9 54 3
9 55 2
9 57 3
9 62 3
9 65 4
9 72 2
9 74 2
9 80 1
9 81 3
9 83 2
9 91 3
9 93 4
9 94 3
9 100 3
9 105 2
9 109 3
9 119 2
9 121 3
9 125 1
9 134 3
9 146 3
9 148 2
9 152 3
9 153 2
9 155 1
9 159 3
9 160 2
9 166 3
9 167 1
9 169 2
9 175 3
9 177 2
9 183 3
9 187 3
9 197 4
9 217 1
9 253 2
9 275 2
9 288 3
9 296 3
9 297 1
10 0 2
10 2 4
10 3 2
10 4 5
10 5 3
10 6 5
10 10 3
10 11 4
10 13 3
10 14 3
10 16 5
10 17 4
10 18 4
10 20 4
10 21 4
10 23 3
10 25 3
10 26 4
10 28 3
10 30 5
10 36 2
10 38 2
10 40 5
10 41 3
10 42 4
10 43 4
10 44 3
10 45 2
10 52 2
10 54 2
10 55 4
10 63 3
10 64 4
10 67 4
10 70 3
10 71 3
10 79 3
10 80 3
10 83 3
10 89 2
10 94 4
10 97 2
10 104 3
10 105 3
10 108 2
10 109 3
10 111 2
10 119 2
10 120 2
10 121 2
10 136 3
10 140 3
10 147 2
10 149 2
10 155 3
10 160 2
10 166 2
10 168 4
10 175 2
10 186 2
10 198 2
10 210 2
10 212 4
10 235 1
10 258 1
11 1 3
11 2 2
11 3 5
11 4 5
11 5 3
11 6 5
11 7 5
11 8 2
11 10 2
11 11 5
11 13 2
11 15 4
11 20 5
11 21 5
11 26 4
11 28 4
11 30 5
11 33 5
11 44 2
11 45 4
11 46 5
11 47 5
11 48 4
11 51 4
11 52 5
11 53 4
11 60 4
11 63 2
11 70 3
11 72 3
11 79 5
11 80 3
11 84 4
11 89 2
11 90 2
11 100 4
11 104 3
11 105 2
11 106 3
11 117 2
11 121 4
11 124 3
11 128 3
11 151 3
11 155 4
11 160 5
11 167 2
11 173 2
11 176 3
11 179 4
11 195 3
11 196 3
11 202 2
11 216 1
11 225 3
11 229 5
11 240 1
11 253 2
11 254 3
11 257 3
11 298 3
11 309 4
11 317 2
12 3 2
12 4 3
12 5 2
12 9 5
12 13 3
12 15 4
12 16 3
12 21 4
12 22 3
12 23 3
12 25 4
12 29 5
12 31 3
12 33 4
12 34 5
12 35 4
12 38 1
12 39 5
12 40 5
12 41 2
12 42 4
12 43 4
12 49 5
12 53 4
12 55 2
12 56 3
12 58 4
12 62 5
12 64 4
12 65 4
12 68 5
12 71 2
12 72 3
12 73 2
12 76 3
12 80 4
12 86 2
12 91 4
12 92 5
12 95 3
12 101 1
12 102 4
12 103 4
12 105 3
12 110 4
12 112 4
12 113 4
12 114 3
12 123 4
12 126 4
12 130 4
12 133 4
12 146 4
12 149 4
12 152 1
12 161 4
12 176 3
12 181 5
12 215 2
12 227 3
12 230 4
12 243 4
12 272 5
12 279 5
13 0 3
13 1 5
13 7 5
13 8 4
13 13 5
13 19 3
13 22 5
13 24 5
13 25 5
13 32 4
13 34 3
13 39 5
13 40 3
13 42 3
13 43 5
13 47 3
13 48 4
13 49 5
13 53 3
13 56 5
13 57 4
13 58 5
13 61 4
13 66 5
13 69 5
13 78 5
13 81 4
13 90 4
13 93 5
13 95 5
13 103 5
13 104 4
13 110 4
13 112 4
13 116 3
13 122 4
13 123 5
13 126 5
13 130 5
13 133 5
13 138 5
13 141 4
13 142 5
13 161 4
13 163 5
13 174 5
13 182 3
13 203 3
13 205 4
13 208 4
13 215 5
13 219 5
13 221 3
13 223 5
13 225 3
13 230 5
13 248 2
13 285 4
13 307 5
14 0 5
14 1 5
14 2 4
14 3 5
14 4 5
14 6 5
14 8 5
14 11 5
14 12 5
14 13 4
14 14 5
14 15 5
14 16 4
14 18 5
14 20 3
14 21 5
14 22 4
14 23 3
14 28 4
14 29 4
14 30 3
14 36 5
14 38 2
14 39 5
14 40 3
14 41 3
14 50 4
14 55 4
14 57 5
14 61 5
14 65 4
14 66 4
14 69 5
14 70 4
14 73 4
14 77 3
14 79 4
14 91 4
14 92 4
14 94 5
14 97 3
14 105 3
14 108 4
14 121 3
14 124 4
14 125 4
14 132 3
14 134 4
14 136 3
14 137 2
14 146 4
14 158 3
14 172 3
14 205 2
14 209 4
14 214 3
14 314 3
14 322 1
15 1 2
15 2 2
15 5 2
15 6 4
15 7 3
15 8 5
15 9 3
15 12 3
15 13 4
15 15 4
15 16 2
15 17 4
15 18 4
15 22 4
15 25 4
15 26 3
15 27 2
15 30 2
15 32 4
15 33 2
15 34 4
15 39 4
15 40 4
15 42 4
15 44 3
15 45 2
15 47 4
15 49 4
15 50 4
15 60 2
15 66 4
15 70 3
15 73 4
15 82 2
15 84 2
15 87 5
15 94 5
15 102 4
15 129 5
15 139 3
15 144 2
15 145 2
15 150 4
15 156 4
15 185 4
15 209 4
15 236 4
16 1 4
16 3 3
16 6 5
16 9 4
16 11 4
16 12 4
16 13 4
16 15 4
16 17 3
16 18 4
16 22 3
16 25 3
16 26 3
16 27 5
16 28 3
16 33 4
16 34 5
16 35 4
16 36 3
16 41 3
16 47 5
16 49 4
16 50 4
16 55 1
16 58 5
16 60 3
16 61 3
16 62 3
16 66 5
16 69 4
16 82 2
16 87 3
16 89 3
16 91 4
16 101 3
16 102 3
16 111 2
16 113 4
16 116 1
16 118 5
16 123 4
16 126 4
16 129 2
16 130 4
16 136 4
16 139 4
16 141 4
16 144 4
16 152 4
16 172 3
16 179 3
16 185 3
16 190 2
16 193 4
16 194 3
16 195 1
16 219 4
16 220 2
16 230 4
16 236 4
16 311 3
17 1 5
17 4 3
17 7 5
17 8 5
17 10 3
17 12 3
17 14 3
17 15 5
17 16 4
17 17 4
17 23 4
17 24 5
17 25 4
17 27 4
17 29 4
17 31 3
17 33 5
17 34 5
17 35 4
17 38 4
17 41 3
17 43 3
17 44 3
17 49 4
17 50 4
17 56 3
17 57 5
17 58 5
17 65 5
17 66 4
17 73 4
17 74 3
17 81 5
17 90 5
17 91 5
17 103 5
17 109 3
17 110 5
17 113 4
17 116 3
17 126 3
17 129 3
17 130 5
17 133 5
17 138 5
17 144 3
17 157 4
17 158 3
17 162 5
17 174 4
17 185 5
17 190 4
17 197 3
17 205 3
17 209 4
17 212 3
17 230 4
17 242 3
17 291 3
18 2 4
18 3 5
18 7 4
18 9 5
18 14 5
18 16 4
18 20 5
18 22 4
18 24 5
18 30 3
18 31 5
18 35 5
18 41 5
18 42 5
18 44 3
18 46 3
18 48 4
18 49 4
18 51 5
18 53 4
18 75 4
18 76 4
18 83 3
18 88 2
18 104 2
18 107 5
18 114 5
18 136 5
18 143 5
18 149 4
18 159 4
18 166 4
18 167 2
18 171 4
18 183 3
18 196 3
18 203 2
18 223 3
18 224 3
18 228 3
18 233 3
18 271 2
18 274 4
18 276 5
18 288 3
18 294 3
18 302 3
19 4 5
19 6 3
19 9 5
19 11 4
19 12 4
19 13 5
19 14 4
19 15 5
19 16 2
19 17 3
19 22 3
19 23 4
19 24 5
19 25 4
19 29 5
19 34 5
19 35 5
19 36 5
19 39 5
19 41 3
19 42 4
19 43 5
19 44 4
19 49 5
19 55 2
19 56 5
19 60 3
19 61 4
19 67 3
19 68 4
19 69 4
19 70 3
19 73 4
19 83 3
19 86 4
19 88 3
19 89 3
19 92 4
19 93 4
19 95 4
19 108 3
19 118 5
19 120 4
19 133 5
19 136 3
19 152 4
19 156 4
19 157 5
19 161 3
19 167 1
19 197 3
19 208 5
19 220 2
19 230 5
19 231 4
19 248 2
19 336 2
20 4 2
20 9 3
20 11 2
20 12 3
20 16 1
20 17 3
20 18 4
20 24 3
20 25 2
20 27 4
20 28 1
20 29 3
20 30 3
20 31 1
20 32 5
20 38 4
20 40 3
20 42 3
20 47 3
20 57 4
20 60 1
20 64 3
20 70 2
20 72 2
20 73 3
20 80 2
20 82 2
20 84 4
20 86 3
20 87 2
20 91 3
20 94 4
20 101 3
20 102 5
20 106 3
20 108 2
20 135 1
20 138 5
20 160 3
20 163 4
20 172 1
20 175 1
20 176 4
20 181 5
20 188 4
20 213 4
20 219 4
20 249 4
20 251 3
20 260 1
20 269 1
20 288 1
20 321 4
20 330 3
21 1 4
21 2 4
21 4 4
21 5 3
21 10 4
21 11 1
21 12 4
21 13 4
21 14 4
21 16 3
21 21 3
21 22 4
21 23 4
21 24 4
21 25 4
21 28 3
21 29 4
21 31 1
21 34 3
21 35 4
21 36 3
21 39 5
21 41 4
21 42 4
21 44 2
21 47 3
21 49 4
21 52 2
21 59 3
21 64 3
21 66 2
21 68 4
21 71 2
21 72 4
21 73 5
21 79 4
21 88 1
21 89 2
21 106 3
21 107 4
21 109 2
21 112 3
21 117 2
21 142 3
21 164 2
21 193 4
21 231 3
22 0 3
22 1 4
22 2 2
22 3 3
22 4 4
22 5 2
22 8 5
22 10 4
22 11 4
22 14 3
22 15 4
22 17 3
22 22 3
22 27 3
22 29 4
22 30 4
22 32 5
22 33 3
22 34 5
22 35 4
22 36 5
22 41 3
22 44 3
22 45 3
22 50 5
22 57 4
22 58 5
22 61 4
22 62 3
22 65 4
22 68 4
22 69 4
22 81 5
22 84 3
22 88 2
22 90 4
22 91 4
22 92 3
22 93 4
22 101 4
22 103 4
22 108 3
22 110 5
22 114 3
22 120 5
22 122 3
22 126 5
22 131 2
22 137 3
22 141 4
22 165 4
22 174 5
22 196 1
22 205 3
22 247 3
22 292 3
23 0 4
23 1 5
23 2 3
23 3 4
23 4 3
23 5 2
23 7 5
23 9 5
23 11 4
23 12 3
23 14 3
23 15 4
23 16 2
23 17 4
23 20 3
23 21 3
23 22 2
23 24 4
23 25 4
23 29 3
23 31 3
23 33 4
23 34 4
23 35 4
23 39 3
23 40 3
23 43 5
23 45 2
23 53 5
23 57 3
23 64 3
23 65 4
23 67 3
23 68 4
23 71 2
23 73 4
23 75 4
23 78 4
23 81 3
23 86 5
23 93 5
23 95 4
23 99 2
23 101 4
23 102 4
23 129 4
23 130 5
23 133 5
23 139 3
23 163 4
23 177 2
23 181 3
23 185 5
23 188 4
23 208 5
23 209 4
23 323 3
24 3 5
24 4 5
24 5 3
24 11 4
24 15 3
24 16 4
24 17 3
24 18 4
24 20 3
24 21 4
24 23 4
24 25 3
24 27 4
24 29 3
24 40 2
24 45 4
24 47 4
24 62 4
24 63 3
24 70 2
24 74 5
24 79 3
24 87 4
24 90 2
24 92 4
24 94 3
24 111 4
24 112 4
24 120 1
24 129 3
24 135 4
24 136 4
24 141 4
24 146 1
24 165 5
24 176 3
24 183 3
24 256 2
24 279 2
24 312 3
24 329 2
24 334 1
25 0 4
25 1 3
25 2 4
25 4 2
25 6 2
25 9 4
25 12 4
25 13 2
25 14 4
25 15 3
25 19 2
25 22 4
25 23 3
25 24 4
25 25 2
25 30 4
25 35 4
25 36 3
25 37 4
25 39 4
25 41 3
25 43 3
25 46 4
25 50 2
25 53 4
25 56 3
25 61 2
25 67 4
25 68 2
25 69 2
25 78 3
25 92 2
25 103 3
25 104 3
25 109 2
25 114 2
25 117 3
25 118 4
25 119 3
25 120 3
25 132 3
25 133 2
25 161 2
25 205 2
25 215 2
25 242 2
25 243 4
26 0 4
26 3 4
26 6 3
26 7 4
26 8 3
26 10 2
26 13 4
26 15 4
26 22 4
26 25 4
26 27 5
26 29 4
26 33 3
26 35 4
26 36 4
26 38 3
26 39 3
26 40 3
26 49 4
26 50 5
26 58 5
26 61 4
26 62 3
26 66 4
26 67 3
26 69 5
26 78 3
26 81 3
26 86 3
26 91 5
26 95 4
26 103 4
26 110 4
26 113 5
26 116 5
26 118 3
26 123 5
26 130 5
26 136 4
26 137 3
26 142 3
26 144 3
26 152 3
26 174 5
26 189 4
26 190 3
26 193 4
26 199 4
27 0 4
27 7 3
27 9 3
27 19 3
27 26 2
27 30 4
27 32 3
27 37 5
27 53 4
27 54 4
27 60 2
27 75 3
27 84 2
27 85 2
27 96 3
27 104 4
27 107 2
27 117 2
27 124 3
27 131 2
27 143 3
27 151 1
27 156 3
27 170 2
27 171 4
27 179 4
27 191 3
27 193 3
27 224 2
27 232 3
27 234 3
27 246 4
27 278 3
27 293 3
27 294 2
27 311 3
27 318 3
27 321 3
27 324 2
27 341 2
27 351 3
27 356 3
27 360 3
27 375 2
27 382 3
27 416 2
27 417 2
28 2 1
28 3 5
28 4 5
28 5 4
28 6 5
28 11 4
28 12 3
28 14 3
28 18 5
28 22 4
28 30 4
28 31 1
28 35 4
28 36 4
28 38 5
28 41 3
28 43 5
28 50 4
28 51 4
28 55 2
28 56 3
28 58 5
28 60 5
28 66 4
28 70 4
28 71 2
28 72 2
28 78 3
28 90 3
28 92 4
28 93 3
28 98 3
28 111 5
28 114 4
28 124 4
28 134 2
28 135 4
28 147 2
28 155 4
28 160 2
28 168 2
28 180 3
28 183 1
28 198 3
28 211 3
28 213 3
28 219 4
28 224 3
29 0 4
29 1 4
29 3 3
29 4 5
29 6 5
29 10 4
29 12 5
29 14 5
29 16 4
29 20 5
29 21 5
29 23 4
29 28 4
29 29 3
29 36 4
29 37 4
29 38 4
29 40 5
29 41 5
29 42 4
29 46 4
29 55 2
29 61 3
29 63 2
29 70 4
29 74 4
29 76 4
29 77 5
29 80 4
29 81 4
29 97 4
29 122 5
29 129 5
29 137 5
29 147 3
29 149 4
29 160 1
29 169 4
29 177 5
29 204 3
29 225 4
29 255 2
30 0 4
30 1 4
30 2 3
30 3 4
30 5 3
30 6 3
30 7 4
30 9 4
30 13 2
30 16 4
30 20 3
30 22 3
30 24 5
30 27 4
30 28 2
30 33 3
30 35 5
30 37 2
30 42 3
30 43 4
30 46 5
30 48 4
30 50 4
30 57 4
30 66 3
30 73 3
30 90 3
30 91 2
30 138 5
30 150 3
30 176 2
30 185 5
30 190 4
30 245 4
30 270 1
31 0 4
31 1 3
31 2 2
31 4 5
31 5 1
31 8 3
31 15 4
31 16 4
31 20 3
31 21 3
31 22 3
31 23 3
31 24 4
31 27 3
31 29 4
31 33 4
31 35 4
31 38 4
31 39 3
31 40 4
31 41 2
31 45 4
31 51 4
31 55 3
31 72 3
31 79 3
31 92 3
31 97 3
31 101 4
31 111 3
31 135 3
31 150 3
31 165 5
31 182 4
31 184 4
31 201 3
31 226 3
31 279 3
31 307 4
31 407 4
32 0 4
32 1 4
32 2 5
32 4 5
32 6 5
32 8 4
32 10 4
32 11 5
32 12 5
32 14 5
32 19 3
32 20 4
32 21 5
32 22 5
32 23 4
32 28 4
32 29 5
32 38 5
32 44 3
32 45 3
32 54 5
32 55 4
32 59 3
32 62 4
32 63 5
32 64 3
32 69 4
32 71 4
32 77 4
32 79 4
32 86 5
32 89 3
32 98 4
32 99 5
32 105 3
32 108 2
32 115 2
32 132 4
32 134 4
32 147 3
32 149 4
32 155 3
32 160 4
32 169 4
32 175 4
32 178 3
32 180 3
32 210 3
32 241 4
32 252 5
33 3 2
33 5 1
33 12 2
33 15 5
33 16 4
33 22 2
33 23 4
33 24 4
33 25 4
33 27 4
33 29 4
33 31 2
33 33 2
33 34 5
33 38 4
33 39 4
33 43 4
33 49 4
33 50 3
33 53 2
33 57 4
33 58 4
33 61 4
33 67 4
33 68 3
33 69 4
33 93 4
33 110 4
33 113 4
33 116 4
33 118 5
33 133 5
33 139 4
34 2 2
34 3 5
34 4 5
34 5 1
34 6 4
34 11 4
34 14 2
34 15 4
34 16 2
34 17 2
34 21 3
34 24 4
34 29 3
34 35 4
34 39 2
34 40 4
34 41 1
34 43 5
34 45 3
34 47 5
34 52 3
34 54 2
34 55 1
34 67 4
34 69 3
34 70 2
34 72 3
34 74 4
34 77 1
34 93 4
34 100 1
34 101 5
34 111 4
34 119 1
34 125 1
34 135 2
34 148 1
34 157 3
34 166 1
34 181 5
34 186 1
34 200 1
34 237 1
34 305 1
34 335 1
35 2 4
35 3 4
35 4 5
35 5 3
35 6 4
35 11 5
35 14 3
35 15 3
35 16 4
35 17 4
35 18 4
35 20 3
35 22 4
35 25 5
35 28 2
35 29 5
35 34 3
35 45 4
35 47 5
35 57 4
35 60 3
35 69 3
35 80 4
35 84 4
35 89 3
35 129 3
35 130 4
35 137 3
35 158 3
35 163 4
35 197 3
35 213 3
36 6 3
36 8 4
36 12 2
36 13 4
36 17 4
36 25 3
36 34 5
36 35 5
36 36 4
36 37 3
36 39 4
36 40 4
36 42 4
36 43 4
36 56 2
36 57 4
36 58 4
36 65 4
36 68 2
36 73 4
36 78 4
36 86 5
36 95 5
36 123 4
36 130 4
36 133 4
36 138 5
36 146 4
36 199 5
36 230 2
36 277 2
36 311 3
36 328 2
36 331 1
36 379 4
37 0 4
37 1 3
37 2 3
37 3 4
37 11 3
37 14 5
37 18 5
37 19 1
37 24 4
37 25 5
37 26 1
37 28 3
37 29 2
37 31 3
37 44 5
37 52 2
37 57 4
37 60 5
37 62 3
37 64 5
37 80 3
37 83 1
37 89 2
37 96 4
37 98 4
37 105 2
37 106 4
37 109 4
37 119 3
37 120 1
37 128 2
37 129 5
37 140 1
37 150 3
37 154 3
37 155 1
37 187 3
37 233 1
37 257 1
38 1 4
38 3 5
38 4 4
38 5 3
38 6 5
38 8 4
38 12 4
38 14 4
38 15 5
38 17 4
38 18 5
38 21 4
38 22 4
38 24 5
38 25 5
38 26 3
38 29 4
38 31 4
38 34 3
38 35 5
38 39 4
38 40 4
38 41 3
38 42 4
38 53 4
38 55 5
38 56 4
38 63 2
38 67 5
38 68 5
38 73 3
38 75 4
38 91 4
38 108 3
38 130 4
38 134 4
38 139 5
38 157 4
38 172 4
38 200 4
38 227 4
39 0 5
39 1 5
39 3 4
39 6 4
39 7 4
39 9 4
39 11 4
39 12 4
39 13 5
39 15 5
39 17 5
39 18 3
39 20 3
39 21 3
39 25 3
39 27 4
39 29 4
39 31 4
39 33 3
39 34 3
39 35 4
39 36 4
39 39 4
39 48 5
39 49 3
39 50 5
39 56 2
39 57 5
39 58 3
39 59 1
39 60 3
39 65 4
39 81 4
39 85 3
39 87 1
39 102 4
39 114 3
39 117 2
39 137 3
39 143 3
39 156 4
39 179 4
39 234 4
39 253 1
39 288 3
40 0 5
40 1 2
40 2 3
40 3 5
40 5 4
40 7 4
40 8 5
40 9 5
40 10 4
40 13 4
40 20 2
40 28 3
40 30 1
40 31 2
40 33 4
40 47 3
40 48 2
40 75 2
40 82 3
40 83 2
40 85 3
40 96 2
40 98 2
40 99 3
40 100 2
40 107 3
40 110 4
40 122 3
40 128 2
40 141 5
40 145 3
40 170 5
40 182 3
40 189 2
40 193 3
40 218 2
40 224 4
40 286 3
40 311 3
40 324 5
40 351 3
41 4 4
41 6 5
41 8 1
41 11 2
41 14 3
41 17 4
41 18 5
41 20 2
41 21 4
41 24 4
41 27 1
41 34 3
41 35 4
41 40 2
41 43 5
41 49 5
41 50 2
41 55 4
41 62 3
41 67 5
41 72 3
41 73 1
41 86 5
41 97 2
41 133 5
41 134 4
41 181 2
41 208 5
41 215 4
42 1 4
42 3 4
42 7 4
42 8 4
42 9 4
42 11 4
42 13 4
42 14 4
42 15 4
42 16 4
42 17 4
42 25 5
42 27 3
42 32 4
42 33 3
42 35 5
42 36 4
42 38 4
42 39 5
42 43 4
42 49 5
42 56 4
42 61 5
42 65 4
42 68 5
42 69 4
42 73 3
42 92 4
42 102 4
42 103 4
42 106 4
42 110 4
42 120 4
42 123 5
42 126 5
42 127 4
42 133 4
42 139 4
42 144 3
42 163 5
43 0 5
43 2 5
43 3 4
43 5 4
43 6 5
43 8 4
43 9 5
43 14 5
43 19 5
43 21 4
43 26 4
43 28 5
43 31 5
43 37 5
43 42 5
43 44 4
43 45 4
43 51 5
43 52 4
43 64 4
43 71 2
43 72 4
43 76 4
43 77 3
43 79 4
43 80 5
43 89 4
43 92 5
43 107 3
43 115 3
43 128 4
43 140 4
43 154 4
43 166 5
43 177 2
43 233 3
44 0 5
44 2 3
44 5 3
44 6 5
44 8 5
44 10 3
44 11 3
44 12 5
44 24 4
44 25 4
44 28 2
44 29 4
44 41 4
44 48 4
44 50 4
44 55 3
44 58 4
44 62 4
44 64 4
44 66 3
44 72 3
44 73 4
44 79 3
44 81 4
44 86 5
44 104 4
44 108 3
44 114 5
44 137 3
44 157 4
44 172 3
44 177 3
44 179 4
44 181 3
44 219 3
44 249 5
45 0 4
45 1 3
45 2 1
45 3 5
45 8 5
45 19 2
45 37 5
45 54 3
45 59 2
45 64 3
45 70 3
45 80 3
45 82 3
45 107 3
45 117 2
45 125 1
45 128 3
45 163 5
45 170 2
45 186 2
45 191 2
45 222 1
45 226 2
45 229 1
45 233 1
45 235 1
45 240 1
45 254 2
45 258 1
45 259 5
45 262 1
45 297 2
45 315 1
46 2 1
46 5 2
46 10 5
46 13 4
46 16 5
46 20 4
46 21 4
46 22 5
46 25 5
46 29 4
46 31 3
46 32 4
46 34 2
46 39 4
46 46 5
46 51 3
46 55 4
46 58 4
46 69 5
46 78 5
46 84 4
46 85 2
46 104 4
46 108 3
46 157 3
46 242 3
47 2 3
47 3 4
47 4 5
47 5 5
47 6 4
47 14 5
47 22 2
47 23 3
47 26 5
47 30 4
47 38 4
47 45 4
47 51 4
47 52 4
47 55 2
47 60 5
47 62 4
47 63 4
47 83 3
47 84 5
47 100 3
47 108 1
47 119 4
47 134 3
47 147 2
47 172 3
47 183 3
47 220 1
47 260 2
48 3 3
48 5 3
48 6 4
48 9 4
48 10 5
48 12 5
48 15 3
48 17 4
48 18 4
48 22 5
48 28 2
48 30 3
48 35 4
48 38 4
48 40 3
48 41 3
48 46 3
48 53 3
48 55 3
48 58 5
48 64 3
48 91 2
48 96 2
48 111 4
48 118 5
48 119 2
48 156 4
48 168 3
48 185 2
49 1 4
49 3 3
49 4 5
49 6 4
49 9 4
49 11 4
49 17 4
49 23 4
49 24 4
49 27 4
49 35 5
49 37 2
49 56 4
49 57 4
49 61 2
49 68 4
49 69 4
49 72 2
49 78 4
49 90 4
49 91 5
49 109 1
49 113 4
49 130 5
49 144 4
49 146 4
49 174 4
49 202 4
49 209 5
49 221 3
50 1 4
50 4 1
50 7 3
50 8 4
50 12 4
50 15 5
50 18 4
50 21 3
50 24 4
50 32 4
50 34 5
50 35 3
50 36 4
50 43 1
50 47 3
50 48 4
50 50 5
50 58 4
50 66 4
50 69 1
50 78 3
50 81 5
50 92 3
50 93 4
50 118 4
50 123 5
50 136 5
50 144 1
50 145 1
50 227 3
50 237 1
50 267 4
50 290 4
51 0 5
51 2 3
51 3 5
51 4 3
51 6 5
51 8 5
51 13 4
51 15 5
51 18 4
51 24 5
51 26 4
51 28 2
51 35 5
51 42 4
51 44 3
51 50 4
51 57 4
51 60 4
51 62 5
51 87 5
51 90 4
51 105 2
51 124 3
51 153 3
51 167 3
51 236 5
51 259 4
52 1 1
52 7 5
52 8 5
52 16 1
52 24 5
52 27 5
52 29 3
52 32 5
52 34 1
52 39 3
52 47 5
52 49 4
52 61 5
52 65 5
52 66 1
52 68 4
52 73 5
52 78 5
52 110 5
52 113 5
52 126 5
52 133 5
52 138 5
52 249 5
53 8 5
53 12 4
53 13 4
53 14 5
53 15 3
53 17 4
53 18 4
53 22 4
53 23 4
53 24 4
53 25 4
53 35 4
53 38 4
53 39 5
53 43 5
53 49 5
53 52 3
53 62 3
53 67 5
53 68 3
53 73 4
53 81 4
53 86 4
53 91 4
53 93 4
53 103 4
53 119 4
53 123 4
53 197 3
53 376 3
54 0 4
54 1 1
54 2 5
54 3 5
54 5 4
54 10 2
54 11 4
54 13 3
54 19 4
54 20 4
54 26 3
54 30 5
54 31 3
54 32 1
54 33 1
54 36 3
54 37 4
54 46 3
54 48 3
54 54 2
54 64 5
54 74 4
54 75 4
54 85 4
54 99 3
54 106 4
54 128 4
54 131 1
54 135 4
54 146 5
54 151 4
54 177 3
54 189 4
54 224 4
55 0 4
55 1 1
55 4 3
55 5 3
55 6 4
55 7 3
55 8 4
55 11 4
55 12 4
55 14 4
55 15 1
55 17 2
55 18 3
55 19 1
55 21 4
55 29 4
55 34 2
55 35 3
55 39 4
55 43 4
55 49 3
55 54 3
55 56 4
55 57 4
55 59 3
55 69 2
55 78 3
55 133 3
56 2 4
56 3 5
56 4 4
56 6 5
56 8 5
56 10 2
56 11 5
56 14 4
56 15 4
56 17 4
56 18 4
56 22 4
56 23 3
56 29 4
56 35 4
56 38 5
56 60 4
56 66 5
56 67 5
56 72 5
56 86 4
56 88 1
56 94 2
56 255 4
57 2 4
57 5 5
57 6 5
57 10 5
57 11 4
57 14 5
57 15 4
57 16 5
57 17 5
57 21 4
57 25 3
57 34 5
57 38 2
57 39 4
57 40 3
57 43 5
57 49 5
57 62 5
57 67 5
57 68 3
57 69 4
57 78 2
57 95 3
57 96 1
57 101 1
57 123 4
57 190 5
57 209 5
58 0 5
58 1 3
58 2 3
58 3 2
58 5 3
58 7 4
58 13 3
58 19 4
58 26 3
58 28 3
58 30 4
58 32 4
58 33 4
58 36 4
58 52 2
58 65 4
58 77 3
58 89 2
58 100 3
58 105 2
58 110 4
58 114 3
58 116 4
58 145 3
58 151 3
58 153 1
58 162 3
58 165 3
58 177 3
58 180 3
58 191 3
58 202 3
58 214 3
58 224 3
59 2 5
59 3 5
59 4 5
59 13 4
59 15 4
59 16 3
59 17 4
59 18 4
59 20 4
59 24 5
59 25 5
59 30 2
59 31 4
59 33 3
59 35 5
59 43 5
59 46 5
59 47 1
59 49 5
59 56 5
59 68 5
59 73 5
59 76 3
59 86 5
59 102 4
59 106 4
59 110 5
59 114 5
59 116 5
59 138 5
59 164 2
59 214 4
60 0 1
60 1 4
60 2 2
60 3 4
60 4 5
60 5 3
60 6 4
60 16 4
60 18 4
60 20 4
60 21 3
60 30 5
60 41 2
60 42 4
60 47 5
60 51 4
60 54 3
60 84 4
60 119 3
60 142 4
60 165 3
60 167 2
60 168 3
60 182 4
60 187 4
60 228 4
60 295 3
61 0 4
61 1 3
61 3 2
61 9 3
61 13 2
61 19 3
61 30 4
61 37 2
61 43 4
61 46 3
61 48 3
61 53 4
61 54 2
61 61 2
61 75 3
61 82 3
61 95 4
61 101 3
61 103 3
61 107 3
61 110 4
61 124 2
61 125 2
61 150 4
61 161 3
61 201 2
61 211 3
61 224 2
61 276 2
61 278 2
61 308 2
62 1 4
62 2 2
62 3 4
62 4 4
62 5 3
62 8 4
62 15 4
62 16 4
62 20 4
62 21 3
62 22 4
62 23 4
62 24 5
62 26 2
62 39 3
62 42 3
62 44 4
62 45 3
62 46 4
62 51 4
62 52 4
62 60 5
62 71 3
62 74 4
62 76 4
62 83 3
62 99 4
62 112 4
62 117 2
62 143 4
62 153 4
62 216 4
63 1 2
63 3 5
63 4 5
63 9 5
63 18 5
63 22 5
63 23 5
63 24 5
63 29 5
63 35 5
63 42 5
63 43 5
63 45 5
63 49 5
63 56 5
63 61 5
63 69 2
63 95 4
63 123 4
63 139 4
63 176 3
63 241 2
64 0 3
64 2 4
64 3 4
64 6 5
64 11 4
64 13 5
64 21 4
64 30 2
64 33 4
64 36 5
64 41 5
64 42 4
64 50 4
64 58 5
64 69 3
64 70 5
64 76 4
64 80 4
64 85 4
64 107 5
64 121 4
64 125 3
64 135 5
64 137 4
64 143 5
64 146 5
64 156 5
64 170 5
64 176 5
64 177 5
64 211 5
64 228 3
64 253 3
64 292 5
65 2 4
65 4 5
65 5 4
65 6 5
65 11 4
65 12 5
65 14 5
65 16 5
65 22 4
65 23 5
65 24 5
65 28 4
65 29 5
65 38 5
65 42 3
65 43 5
65 44 3
65 59 4
65 64 4
65 76 2
65 77 5
65 88 1
65 132 3
65 154 1
65 167 2
65 180 3
65 270 3
65 322 3
66 0 5
66 2 5
66 3 3
66 4 5
66 5 2
66 6 4
66 10 4
66 11 5
66 13 1
66 14 5
66 15 3
66 16 5
66 19 4
66 21 5
66 23 5
66 25 5
66 26 1
66 27 4
66 28 4
66 29 4
66 30 4
66 31 4
66 42 4
66 44 1
66 45 4
66 47 5
66 51 4
66 54 4
66 60 4
66 74 4
66 82 3
66 92 4
66 94 5
66 117 1
66 129 2
66 150 3
67 0 3
67 1 4
67 4 4
67 8 4
67 13 4
67 14 3
67 17 5
67 21 3
67 24 5
67 34 4
67 36 3
67 38 3
67 41 4
67 48 2
67 49 4
67 58 3
67 61 2
67 65 2
67 69 4
67 77 3
67 81 1
67 90 3
67 101 1
67 116 4
67 132 2
67 138 3
67 143 1
67 144 1
67 174 4
67 213 4
67 271 3
68 0 4
68 4 5
68 5 3
68 6 5
68 12 4
68 14 3
68 22 4
68 24 4
68 38 4
68 41 3
68 51 3
68 77 4
68 81 4
68 99 5
68 119 3
68 124 4
68 131 3
68 132 5
68 147 1
68 169 3
68 218 5
68 220 2
68 241 3
68 322 1
69 1 4
69 3 5
69 4 4
69 5 3
69 8 4
69 10 3
69 12 4
69 14 4
69 18 4
69 20 5
69 22 2
69 40 3
69 41 2
69 46 5
69 49 3
69 51 4
69 60 3
69 61 4
69 88 2
69 92 3
69 94 3
69 110 4
69 119 1
69 146 4
69 165 3
69 172 1
69 176 5
69 183 2
69 196 2
69 202 2
70 0 5
70 5 1
70 6 5
70 11 5
70 15 5
70 16 5
70 17 5
70 18 5
70 21 3
70 27 4
70 29 5
70 40 3
70 42 3
70 44 1
70 54 5
70 55 3
70 62 3
70 63 4
70 72 1
70 94 4
70 117 1
70 139 4
70 151 1
70 153 1
70 167 3
70 250 1
70 282 1
71 0 3
71 2 2
71 4 5
71 8 3
71 11 4
71 12 2
71 13 4
71 18 2
71 22 3
71 24 1
71 25 3
71 27 3
71 35 2
71 36 2
71 39 2
71 40 4
71 43 2
71 49 4
71 50 2
71 56 4
71 66 5
71 73 1
71 101 2
71 118 2
71 122 3
71 123 2
71 130 2
71 163 1
71 171 4
71 208 5
71 242 1
72 8 5
72 11 2
72 13 3
72 17 2
72 23 3
72 24 5
72 38 5
72 39 5
72 43 4
72 44 1
72 56 4
72 57 5
72 67 4
72 71 3
72 77 3
72 81 4
72 86 1
72 93 5
72 106 2
72 174 5
72 177 3
72 224 2
73 0 3
73 7 4
73 11 5
73 12 3
73 14 4
73 16 4
73 17 3
73 21 4
73 22 5
73 26 1
73 30 2
73 35 3
73 38 2
73 39 5
73 46 4
73 49 5
73 50 4
73 67 3
73 78 5
73 81 4
73 95 5
73 145 2
73 178 4
73 181 5
74 1 4
74 2 3
74 5 3
74 7 4
74 14 2
74 17 4
74 20 5
74 25 4
74 41 3
74 42 4
74 43 5
74 48 4
74 51 3
74 53 4
74 55 3
74 76 3
74 80 2
74 88 3
74 92 4
74 96 2
74 109 4
74 140 2
74 167 4
74 195 3
74 196 1
74 204 3
75 0 4
75 2 2
75 4 5
75 6 4
75 12 5
75 15 4
75 23 4
75 24 4
75 27 2
75 34 3
75 40 5
75 42 3
75 43 5
75 49 5
75 60 3
75 61 4
75 74 2
75 93 3
75 98 3
75 205 3
76 0 3
76 1 5
76 3 4
76 4 5
76 6 4
76 16 2
76 21 2
76 25 5
76 26 3
76 32 4
76 34 5
76 35 5
76 39 5
76 66 4
76 67 4
76 72 1
76 73 4
76 86 4
76 111 2
76 157 4
76 200 3
76 213 5
76 269 2
77 1 4
77 2 2
77 3 5
77 4 5
77 5 4
77 6 4
77 11 4
77 12 5
77 13 4
77 14 4
77 15 4
77 16 4
77 21 4
77 22 4
77 23 5
77 36 4
77 39 5
77 42 4
77 43 4
77 50 4
77 67 4
77 68 4
77 72 2
77 81 4
77 86 4
77 98 3
77 106 3
78 0 5
78 1 3
78 2 4
78 4 5
78 6 5
78 7 3
78 9 5
78 13 3
78 14 3
78 26 5
78 41 3
78 46 3
78 48 3
78 53 3
78 66 2
78 75 3
78 136 3
78 141 3
78 152 3
78 158 3
78 179 3
78 228 3
78 264 3
78 280 3
78 321 3
79 2 4
79 6 5
79 11 4
79 12 3
79 17 5
79 18 3
79 21 5
79 22 5
79 42 3
79 43 4
79 49 5
79 68 3
79 78 4
79 80 3
79 105 4
80 0 2
80 1 2
80 4 5
80 6 4
80 7 5
80 19 3
80 26 1
80 30 3
80 32 5
80 43 5
80 53 4
80 56 5
80 60 1
80 73 4
80 113 5
80 126 4
80 133 4
80 141 3
80 142 4
80 156 5
80 170 4
80 215 5
81 0 5
81 1 4
81 9 5
81 19 5
81 26 4
81 32 4
81 37 4
81 46 5
81 54 5
81 75 5
81 82 4
81 104 2
81 117 3
81 151 2
81 170 2
81 171 4
81 179 5
81 191 2
81 232 5
81 238 2
81 280 5
81 300 4
81 352 5
81 357 5
82 3 3
82 7 1
82 9 4
82 15 3
82 24 4
82 27 4
82 35 4
82 61 2
82 70 1
82 94 1
82 121 1
82 123 3
82 125 1
82 126 4
82 163 4
82 181 4
82 186 2
82 188 4
82 229 1
82 235 1
82 240 1
82 254 3
82 262 1
82 269 2
82 315 4
83 0 3
83 1 3
83 3 3
83 5 2
83 7 4
83 10 3
83 20 4
83 28 2
83 30 3
83 31 3
83 36 3
83 45 2
83 46 3
83 47 3
83 60 2
83 64 3
83 65 2
83 83 2
83 84 4
83 85 3
83 105 2
83 153 1
83 154 2
83 165 2
83 184 3
84 0 5
84 9 4
84 26 4
84 32 3
84 37 5
84 46 5
84 48 4
84 75 4
84 82 3
84 145 3
84 170 2
84 171 2
84 179 4
84 189 4
84 246 1
84 261 1
84 264 3
84 318 4
84 340 2
84 366 2
84 419 1
85 0 4
85 1 4
85 2 3
85 4 4
85 6 3
85 11 4
85 15 4
85 18 4
85 21 3
85 28 2
85 30 4
85 34 3
85 35 4
85 36 3
85 58 4
85 90 3
85 130 3
85 131 3
86 0 5
86 5 4
86 7 3
86 8 1
86 10 3
86 26 1
86 28 2
86 31 5
86 37 4
86 47 4
86 48 4
86 51 4
86 52 2
86 54 2
86 71 5
86 74 5
86 77 2
86 88 1
86 98 4
86 117 2
86 124 4
86 142 3
86 143 2
86 164 2
86 173 4
86 202 4
86 204 1
86 206 5
86 216 2
86 221 3
86 297 3
87 2 2
87 3 3
87 4 5
87 6 2
87 12 3
87 13 4
87 14 3
87 21 5
87 24 5
87 25 4
87 35 5
87 36 4
87 55 3
87 76 3
87 79 3
87 81 4
87 98 3
87 108 3
87 206 3
87 260 1
88 0 4
88 5 3
88 7 4
88 9 4
88 10 4
88 12 4
88 13 4
88 15 4
88 18 2
88 26 2
88 27 3
88 31 3
88 33 3
88 36 4
88 57 5
88 61 4
88 65 3
88 67 4
88 73 4
88 95 5
88 127 4
88 152 5
88 182 3
88 193 4
88 213 4
89 3 3
89 4 3
89 5 4
89 6 4
89 10 4
89 12 4
89 14 4
89 17 2
89 22 4
89 23 4
89 29 3
89 38 4
89 41 3
89 55 2
89 58 3
89 71 3
89 76 4
89 77 3
89 225 3
90 0 5
90 7 5
90 8 4
90 10 4
90 16 3
90 17 4
90 25 5
90 29 5
90 38 5
90 58 5
90 61 5
90 65 5
90 69 4
90 71 5
90 73 5
90 85 5
90 88 3
90 130 5
90 158 4
90 167 4
90 220 4
91 4 4
91 11 5
91 12 4
91 14 5
91 21 5
91 24 4
91 25 4
91 35 4
91 37 3
91 68 3
91 82 4
91 86 4
91 96 5
91 151 3
91 207 2
91 232 4
92 2 5
92 6 5
92 17 3
92 20 4
92 24 5
92 27 2
92 40 3
92 59 2
92 75 3
92 81 4
92 96 5
92 122 4
92 150 4
93 2 3
93 5 2
93 6 3
93 11 4
93 12 4
93 16 3
93 18 4
93 21 4
93 23 3
93 25 3
93 28 3
93 29 3
93 38 4
93 43 4
93 63 3
93 67 4
93 72 3
93 78 3
93 100 2
93 109 3
93 111 4
93 147 3
93 169 2
93 197 3
94 0 3
94 4 4
94 11 5
94 12 4
94 14 3
94 15 2
94 16 4
94 18 4
94 26 4
94 29 4
94 35 5
94 38 5
94 72 4
94 79 4
94 160 3
95 7 3
95 8 5
95 9 4
95 11 5
95 14 4
95 21 2
95 31 2
95 33 5
95 42 3
95 51 2
95 53 3
95 74 4
95 102 5
95 146 5
95 184 5
96 0 4
96 1 3
96 2 3
96 3 2
96 4 5
96 15 4
96 16 4
96 20 3
96 43 4
96 47 4
96 51 4
96 57 4
96 59 1
96 60 3
96 74 4
96 84 4
96 107 3
96 112 3
96 124 4
96 127 3
96 142 3
96 143 3
96 145 3
97 1 5
97 2 2
97 6 4
97 7 5
97 9 5
97 10 5
97 15 5
97 26 3
97 27 5
97 32 4
97 33 4
97 40 4
97 57 5
97 61 5
97 68 3
97 113 5
97 146 1
98 0 2
98 1 4
98 6 3
98 7 3
98 9 4
98 20 2
98 21 4
98 26 3
98 32 4
98 53 3
98 57 4
98 65 4
98 68 4
98 82 2
98 97 3
98 109 4
98 114 4
98 127 2
98 145 3
98 163 5
98 171 3
98 228 1
99 0 4
99 2 2
99 5 4
99 19 2
99 26 4
99 28 4
99 51 5
99 60 5
99 82 2
99 100 1
99 105 1
99 121 1
99 140 2
99 210 1
99 228 4
99 233 2
100 0 3
100 1 3
100 2 4
100 4 4
100 6 5
100 12 4
100 13 4
100 14 4
100 17 4
100 18 3
100 23 5
100 24 4
100 33 3
100 35 3
100 36 4
100 40 5
100 56 5
100 68 5
100 86 4
100 114 3
100 138 5
100 213 3
100 220 2
101 0 4
101 3 3
101 4 4
101 11 3
101 18 3
101 23 3
101 33 3
101 37 3
101 38 5
101 42 3
101 48 3
101 62 4
101 87 3
101 105 2
101 109 3
101 323 4
102 1 3
102 2 4
102 3 4
102 5 3
102 20 5
102 28 5
102 45 5
102 47 3
102 51 4
102 52 5
102 64 4
102 75 4
102 83 4
102 87 5
102 89 3
102 100 4
102 105 4
102 117 5
102 128 4
102 153 5
102 177 4
102 187 4
102 210 3
102 221 2
102 223 5
102 226 4
103 0 4
103 7 2
103 19 3
103 20 5
103 21 5
103 23 5
103 24 5
103 25 5
103 34 4
103 46 4
103 49 5
103 52 4
103 53 4
103 67 5
103 96 3
103 103 4
103 118 4
103 191 4
103 204 3
104 2 5
104 5 3
104 6 5
104 7 5
104 13 5
104 36 4
104 50 5
104 74 3
104 76 4
104 90 3
104 110 1
104 112 3
104 114 4
104 137 3
104 141 5
104 144 5
104 193 5
105 0 4
105 1 4
105 2 2
105 6 3
105 7 5
105 11 4
105 25 4
105 27 1
105 32 5
105 33 5
105 43 4
105 57 3
105 66 1
105 67 5
106 7 5
106 20 3
106 45 3
106 50 4
106 51 2
106 53 3
106 64 2
106 101 5
106 144 5
106 162 4
106 193 5
106 199 4
106 218 4
107 4 5
107 8 5
107 10 5
107 13 4
107 20 1
107 24 4
107 30 2
107 34 3
107 46 4
107 50 5
107 60 1
107 64 3
107 69 5
107 128 2
107 174 5
107 199 4
107 273 4
108 2 4
108 3 4
108 5 4
108 10 3
108 28 3
108 33 4
108 44 4
108 45 4
108 47 5
108 60 3
108 80 3
108 85 4
108 106 4
108 110 3
108 153 3
108 156 4
108 165 4
109 4 3
109 5 3
109 10 2
109 12 5
109 15 5
109 21 3
109 27 4
109 30 3
109 39 2
109 43 5
109 49 5
109 52 1
109 91 5
109 94 4
110 1 5
110 9 4
110 24 5
110 25 4
110 32 5
110 34 5
110 46 5
110 50 5
110 58 5
110 73 5
110 103 5
110 113 5
110 126 4
111 0 4
111 2 4
111 19 2
111 20 5
111 28 4
111 31 3
111 51 3
111 52 3
111 53 4
111 76 4
111 80 2
111 89 3
111 98 3
111 105 3
111 115 3
111 127 1
111 155 4
111 214 3
112 15 4
112 25 5
112 39 5
112 62 5
112 113 4
112 123 4
112 183 3
112 231 4
112 310 1
112 370 4
113 0 4
113 1 5
113 3 4
113 8 4
113 10 4
113 13 5
113 33 3
113 35 5
113 45 1
113 65 3
113 102 3
113 106 4
113 116 4
113 180 3
114 2 4
114 4 4
114 11 3
114 14 2
114 15 4
114 17 3
114 18 5
114 21 5
114 25 3
114 27 4
114 34 2
114 45 4
114 63 3
114 68 2
114 72 2
115 1 4
115 3 4
115 6 5
115 12 3
115 17 3
115 27 5
115 34 4
115 35 4
115 40 4
115 55 1
115 58 4
115 102 4
115 138 3
115 151 2
115 213 4
116 0 4
116 2 1
116 3 5
116 9 5
116 23 1
116 26 1
116 28 1
116 38 1
116 44 1
116 51 1
116 52 1
116 80 1
116 83 1
116 87 5
116 88 1
116 100 1
116 109 1
116 111 1
116 153 1
117 0 3
117 3 3
117 7 4
117 9 5
117 16 3
117 19 2
117 20 3
117 30 3
117 31 3
117 37 3
117 43 4
117 56 3
117 75 3
117 99 3
117 107 4
118 7 4
118 9 5
118 19 1
118 32 3
118 46 5
118 48 2
118 53 5
118 151 1
118 189 1
118 204 1
118 261 1
118 280 1
118 325 1
119 0 5
119 3 5
119 9 2
119 10 5
119 13 5
119 30 5
119 37 4
119 75 3
119 84 5
119 87 5
119 107 4
119 127 5
119 141 5
119 211 5
120 0 4
120 3 5
120 5 2
120 10 3
120 30 4
120 32 5
120 33 4
120 47 4
120 84 4
120 184 4
121 0 3
121 1 4
121 9 5
121 10 4
121 13 5
121 20 4
121 33 4
121 46 1
121 53 4
121 64 3
121 104 3
121 107 4
121 114 4
121 325 1
122 0 4
122 2 3
122 3 5
122 5 3
122 7 4
122 26 4
122 28 3
122 30 3
122 44 1
122 45 3
122 51 2
122 85 4
122 87 5
122 154 2
123 0 3
123 1 5
123 2 2
123 7 3
123 9 4
123 13 5
123 30 2
123 36 4
123 48 4
123 53 3
123 65 4
123 104 4
123 122 3
123 204 3
123 218 4
123 264 5
124 0 5
124 3 3
124 14 5
124 18 5
124 25 5
124 42 4
124 59 2
124 62 4
124 66 4
124 96 4
125 1 2
125 2 5
125 3 5
125 26 5
125 30 4
125 48 2
125 80 4
125 105 5
125 121 4
125 125 4
125 186 4
125 229 3
125 240 4
126 1 3
126 2 2
126 3 5
126 5 2
126 8 3
126 10 4
126 30 2
126 33 5
126 44 4
126 47 3
126 52 2
126 107 5
126 110 4
126 156 4
126 184 4
127 0 4
127 4 5
127 8 4
127 12 4
127 15 3
127 16 5
127 21 5
127 25 3
127 29 4
127 72 3
127 97 3
128 2 2
128 3 4
128 5 4
128 21 4
128 28 5
128 63 5
128 100 2
128 105 3
128 154 3
128 155 3
129 1 2
129 3 3
129 8 4
129 9 4
129 31 3
129 45 4
129 83 2
129 84 3
129 87 4
129 124 1
129 162 2
129 321 4
130 0 5
130 2 4
130 3 5
130 5 4
130 9 4
130 10 5
130 13 4
130 20 4
130 24 5
130 33 5
130 61 5
130 65 4
130 74 3
130 76 4
130 87 5
130 98 3
130 114 5
130 116 5
131 15 4
131 18 4
131 25 5
131 34 4
131 36 5
131 49 5
131 50 5
131 66 5
131 73 4
131 157 5
132 9 5
132 19 3
132 26 2
132 37 3
132 46 5
132 53 4
132 59 4
132 75 4
132 127 4
132 145 4
133 0 2
133 9 2
133 19 2
133 26 3
133 32 5
133 37 2
133 75 4
133 127 3
133 171 2
133 228 1
134 2 4
134 5 4
134 7 5
134 20 4
134 28 3
134 44 3
134 64 2
134 74 4
134 84 3
134 85 3
134 88 2
135 6 5
135 15 5
135 25 5
135 29 5
135 38 5
135 40 4
135 64 2
135 88 5
135 89 4
135 109 4
135 115 4
135 167 3
136 7 3
136 26 4
136 47 3
136 131 4
136 170 5
136 224 5
137 0 5
137 2 4
137 9 5
137 19 4
137 37 5
137 48 5
137 53 5
137 121 5
137 229 4
138 2 4
138 15 5
138 25 5
138 33 4
138 34 5
138 65 2
138 69 4
138 118 3
138 133 4
139 0 4
139 8 4
139 9 5
139 47 4
139 113 4
139 163 5
140 0 4
140 1 3
140 11 3
140 13 4
140 22 2
140 24 4
140 35 4
140 36 4
140 78 4
140 84 2
140 95 4
140 113 4
141 2 5
141 3 5
141 5 5
141 8 3
141 20 5
141 28 2
141 31 1
141 64 4
141 71 4
141 80 3
141 84 1
141 177 3
141 223 2
142 3 4
142 5 4
142 19 4
142 47 3
142 54 5
142 59 3
142 111 5
142 117 4
142 232 2
143 0 4
143 2 5
143 5 4
143 8 5
143 13 4
143 28 4
143 36 5
143 44 4
143 96 5
143 98 5
143 115 4
143 124 4
143 131 3
143 154 4
143 235 3
144 7 5
144 8 4
144 9 4
144 10 4
144 12 5
144 13 4
144 34 5
144 35 4
144 43 4
144 48 4
144 50 5
144 57 4
144 65 4
145 0 4
145 1 4
145 7 4
145 9 4
145 46 5
145 53 3
145 117 3
145 127 3
146 3 5
146 4 5
146 6 4
146 11 2
146 30 5
146 37 4
146 72 4
146 138 4
146 274 5
147 7 4
147 10 2
147 13 4
147 20 3
147 31 1
147 33 3
147 46 3
147 53 4
147 60 4
147 65 4
147 76 1
147 85 4
147 88 5
147 104 2
147 164 2
147 195 1
147 211 4
148 1 4
148 2 3
148 4 4
148 5 3
148 6 4
148 7 3
148 11 4
148 26 3
148 74 2
148 80 4
148 129 4
149 18 4
149 27 2
149 35 5
149 56 5
149 123 4
150 4 4
150 11 3
150 76 4
150 122 5
150 143 4
150 203 4
150 294 2
151 0 5
151 1 5
151 32 1
151 53 5
151 96 4
151 189 5
152 0 2
152 7 4
152 32 3
152 47 4
152 60 3
152 74 3
152 82 2
152 84 3
152 187 4
153 0 4
153 1 5
153 7 4
153 19 5
153 37 5
153 48 5
153 75 4
153 117 1
153 238 3
154 1 4
154 7 3
154 19 4
154 26 4
154 32 1
154 37 4
154 53 4
154 75 4
154 82 2
154 96 2
154 246 4
155 0 5
155 7 5
155 8 5
155 19 2
155 58 4
155 65 4
155 69 4
155 90 4
155 101 1
155 138 3
155 194 2
156 3 3
156 4 5
156 6 1
156 9 4
156 11 5
156 14 3
156 18 5
156 27 1
156 50 4
156 188 3
157 1 1
157 9 5
157 57 4
157 191 1
158 1 3
158 13 4
158 19 3
158 36 5
158 37 1
158 51 4
158 77 4
158 82 4
158 100 5
158 107 3
158 193 3
158 206 4
159 2 4
159 3 3
159 5 3
159 8 4
159 31 4
159 36 4
159 106 4
159 110 4
159 114 3
160 0 3
160 24 4
160 113 5
160 199 3
161 0 4
161 8 4
161 32 5
161 46 5
161 47 3
161 54 2
161 75 4
161 232 3
162 1 3
162 7 5
162 9 5
162 19 4
162 26 3
162 32 3
162 37 5
162 46 4
162 48 4
162 53 4
162 75 4
162 104 3
162 127 3
162 246 3
163 0 4
163 1 1
163 2 3
163 3 3
163 5 3
163 20 3
163 28 3
163 31 3
163 51 4
163 60 4
163 98 4
163 100 3
163 107 3
164 0 3
164 1 3
164 19 3
164 46 4
164 48 3
164 53 3
164 151 3
164 261 3
164 318 3
165 0 5
165 1 5
165 7 5
165 9 4
165 19 4
165 26 1
165 32 1
165 48 5
165 53 4
165 75 3
165 82 2
165 96 3
165 170 1
166 0 2
166 19 4
166 26 5
166 54 4
166 59 3
166 82 3
166 117 4
166 151 3
167 0 5
167 2 3
167 3 3
167 31 3
167 44 3
167 59 4
167 69 2
167 83 4
168 1 3
168 9 4
168 32 2
168 37 2
168 127 3
169 0 3
169 2 3
169 3 4
169 5 3
169 8 3
169 54 4
169 80 3
169 99 3
169 155 3
170 3 2
170 8 5
170 9 4
170 10 4
170 13 5
170 47 5
170 65 5
170 141 3
171 1 2
171 4 4
171 11 1
171 95 2
172 1 5
172 7 4
172 9 4
172 35 4
172 37 2
172 54 2
172 82 3
172 95 5
172 96 2
172 104 4
172 194 4
173 7 5
173 9 4
173 19 3
173 75 4
173 145 4
174 2 3
174 3 5
174 13 5
174 20 3
174 33 3
175 3 2
175 70 5
175 94 5
175 259 5
176 31 3
176 32 4
176 42 5
176 65 5
176 66 4
176 106 3
176 113 5
176 116 4
176 133 4
176 267 3
177 0 3
177 1 4
177 19 3
177 26 4
177 54 3
177 75 4
177 145 3
177 151 1
177 171 2
178 2 2
178 33 4
178 47 3
178 64 4
178 110 4
179 0 4
179 1 5
179 9 4
179 19 1
179 54 1
179 82 1
179 138 5
179 171 3
180 4 5
180 6 4
180 7 5
180 11 3
180 54 5
180 118 5
180 156 5
180 191 5
181 4 4
181 14 5
181 23 3
181 38 1
181 55 5
181 77 5
181 109 1
181 132 5
182 1 5
182 9 3
182 32 1
182 48 5
182 53 4
182 264 4
182 300 2
183 11 4
183 37 5
183 38 5
183 57 4
183 136 3
184 6 4
184 29 5
184 34 2
184 35 5
185 0 4
185 1 5
185 7 3
185 46 4
185 53 4
185 170 3
186 2 3
186 5 3
186 30 4
186 118 4
187 1 4
187 3 3
187 7 5
187 8 4
187 20 3
187 48 4
188 0 3
188 2 4
188 5 2
188 7 5
188 28 2
188 31 3
188 33 4
188 52 3
189 0 4
189 2 4
189 3 3
189 30 2
189 31 2
189 99 3
190 9 5
190 11 4
190 42 4
190 159 2
191 0 5
191 11 5
191 12 3
191 69 4
191 217 2
192 0 2
192 9 5
192 46 5
193 34 3
193 126 3
193 182 2
194 2 3
194 3 4
194 20 3
194 45 2
194 76 3
194 83 3
194 131 1
194 155 3
195 3 4
195 186 5
196 7 5
196 145 3
197 0 5
197 2 4
197 7 4
197 12 5
197 26 2
198 1 5
198 26 3
198 53 4
198 54 4
198 82 4
198 96 4
198 189 4
198 280 4
199 1 3
199 10 4
199 19 3
199 20 4
199 59 2
199 320 4
