[1, 50, 5]
[1, 146, 5]
[2, 7, 3]
[2, 11, 1]
[2, 23, 4]
[2, 40, 3]
[2, 46, 2]
[2, 63, 2]
[2, 70, 4]
[2, 94, 3]
[2, 116, 4]
[2, 121, 4]
[2, 125, 3]
[2, 130, 3]
[2, 135, 3]
[2, 153, 4]
[2, 165, 3]
[2, 170, 4]
[2, 171, 3]
[2, 174, 3]
[2, 178, 3]
[2, 198, 2]
[3, 40, 5]
[3, 116, 4]
[3, 128, 1]
[3, 133, 2]
[3, 140, 4]
[3, 174, 4]
[3, 178, 5]
[4, 8, 4]
[4, 23, 4]
[4, 52, 4]
[4, 121, 4]
[4, 129, 4]
[4, 136, 4]
[4, 169, 3]
[4, 190, 2]
[5, 135, 4]
[5, 140, 4]
[5, 152, 4]
[5, 175, 4]
[6, 113, 5]
[7, 74, 5]
[8, 23, 4]
[8, 132, 3]
[9, 169, 4]
[9, 178, 5]
[10, 165, 4]
[11, 8, 4]
[11, 52, 5]
[11, 66, 5]
[11, 70, 2]
[11, 110, 2]
[11, 130, 5]
[11, 169, 4]
[11, 178, 5]
[11, 198, 5]
[12, 142, 4]
[13, 64, 4]
[13, 66, 2]
[13, 75, 2]
[13, 171, 5]
[14, 66, 4]
[14, 96, 3]
[14, 141, 2]
[14, 164, 2]
[14, 190, 1]
[16, 164, 2]
[17, 23, 5]
[17, 65, 2]
[17, 66, 2]
[17, 74, 4]
[17, 178, 4]
[17, 198, 3]
[18, 12, 3]
[18, 27, 4]
[18, 41, 5]
[18, 66, 3]
[18, 70, 3]
[18, 74, 5]
[18, 89, 2]
[18, 116, 2]
[18, 121, 2]
[18, 140, 4]
[18, 155, 3]
[18, 170, 5]
[18, 175, 3]
[19, 82, 3]
[20, 41, 1]
[20, 116, 5]
[20, 170, 4]
[21, 116, 1]
[22, 116, 5]
[22, 123, 4]
[23, 50, 3]
[23, 80, 4]
[24, 18, 5]
[24, 40, 4]
[24, 41, 5]
[24, 65, 5]
[24, 116, 5]
[24, 146, 3]
[24, 152, 3]
[24, 178, 5]
[25, 116, 4]
[25, 178, 5]
[26, 157, 5]
[27, 23, 5]
[27, 24, 3]
[27, 50, 3]
[27, 63, 4]
[27, 65, 3]
[27, 94, 5]
[27, 95, 4]
[27, 119, 4]
[27, 120, 4]
[27, 140, 4]
[27, 152, 4]
[27, 153, 4]
[27, 168, 5]
[27, 170, 4]
[27, 194, 3]
[28, 23, 3]
[28, 50, 3]
[28, 120, 4]
[28, 130, 4]
[29, 12, 3]
[29, 141, 1]
[29, 174, 2]
[29, 190, 1]
[30, 23, 3]
[30, 24, 4]
[30, 40, 2]
[30, 41, 3]
[30, 65, 4]
[30, 92, 4]
[30, 99, 2]
[30, 110, 2]
[30, 128, 1]
[30, 129, 2]
[30, 140, 4]
[30, 153, 3]
[30, 165, 4]
[30, 170, 3]
[30, 183, 4]
[31, 152, 3]
[31, 178, 4]
[32, 64, 1]
[32, 136, 3]
[33, 116, 3]
[33, 132, 5]
[33, 170, 4]
[33, 178, 5]
[33, 190, 3]
[34, 116, 4]
[34, 190, 2]
[35, 40, 5]
[35, 87, 1]
[36, 8, 3]
[36, 104, 4]
[36, 135, 3]
[37, 16, 5]
[37, 40, 2]
[37, 95, 3]
[37, 113, 2]
[37, 117, 3]
[37, 168, 4]
[37, 178, 4]
[37, 190, 4]
[38, 23, 4]
[38, 41, 3]
[38, 65, 4]
[38, 68, 3]
[38, 140, 4]
[38, 141, 2]
[38, 170, 2]
[38, 178, 5]
[40, 2, 4]
[40, 23, 5]
[40, 38, 4]
[40, 41, 4]
[40, 130, 3]
[40, 134, 5]
[40, 135, 4]
[40, 146, 5]
[40, 170, 5]
[41, 23, 5]
[41, 65, 4]
[41, 82, 4]
[41, 165, 3]
[42, 66, 5]
[42, 75, 3]
[42, 190, 4]
[43, 40, 5]
[43, 189, 4]
[43, 194, 4]
[44, 36, 2]
[44, 42, 3]
[44, 82, 5]
[44, 140, 2]
[44, 152, 3]
[46, 10, 3]
[46, 27, 3]
[46, 41, 1]
[46, 66, 4]
[46, 129, 4]
[46, 137, 3]
[46, 141, 4]
[46, 145, 2]
[46, 177, 3]
[46, 190, 3]
[47, 140, 4]
[47, 165, 3]
[48, 25, 5]
[48, 52, 2]
[48, 70, 4]
[48, 92, 2]
[48, 123, 4]
[48, 136, 3]
[48, 140, 4]
[48, 164, 3]
[48, 168, 4]
[48, 178, 4]
[48, 198, 3]
[49, 4, 2]
[49, 10, 4]
[49, 11, 4]
[49, 16, 5]
[49, 23, 3]
[49, 24, 4]
[49, 40, 4]
[49, 41, 4]
[49, 42, 4]
[49, 55, 3]
[49, 60, 3]
[49, 66, 5]
[49, 75, 2]
[49, 80, 2]
[49, 81, 1]
[49, 85, 3]
[49, 87, 5]
[49, 92, 3]
[49, 93, 1]
[49, 99, 4]
[49, 104, 3]
[49, 113, 4]
[49, 116, 5]
[49, 120, 4]
[49, 121, 5]
[49, 129, 4]
[49, 132, 2]
[49, 135, 1]
[49, 136, 4]
[49, 140, 3]
[49, 167, 1]
[49, 169, 4]
[49, 172, 2]
[49, 178, 4]
[49, 182, 3]
[49, 195, 3]
[49, 196, 3]
[49, 198, 4]
[50, 65, 2]
[50, 113, 3]
[51, 10, 5]
[51, 16, 4]
[51, 23, 4]
[51, 29, 2]
[51, 33, 2]
[51, 35, 3]
[51, 41, 5]
[51, 45, 4]
[51, 47, 2]
[51, 52, 3]
[51, 62, 1]
[51, 65, 1]
[51, 66, 2]
[51, 75, 2]
[51, 76, 3]
[51, 89, 2]
[51, 92, 2]
[51, 93, 2]
[51, 98, 2]
[51, 105, 5]
[51, 110, 2]
[51, 114, 4]
[51, 117, 3]
[51, 120, 4]
[51, 129, 5]
[51, 141, 3]
[51, 152, 4]
[51, 155, 2]
[51, 167, 3]
[51, 168, 4]
[51, 169, 2]
[51, 193, 3]
[51, 196, 4]
[51, 198, 3]
[52, 10, 4]
[52, 23, 4]
[52, 41, 3]
[52, 52, 4]
[52, 65, 4]
[52, 116, 4]
[52, 117, 4]
[52, 141, 4]
[52, 178, 5]
[52, 180, 4]
[53, 41, 4]
[54, 184, 3]
[55, 29, 3]
[55, 40, 3]
[55, 50, 3]
[55, 55, 3]
[55, 60, 3]
[55, 65, 3]
[55, 80, 5]
[55, 92, 4]
[55, 105, 3]
[55, 116, 2]
[55, 129, 2]
[55, 145, 2]
[55, 165, 3]
[55, 168, 3]
[55, 178, 4]
[55, 190, 4]
[55, 196, 2]
[57, 23, 3]
[57, 25, 5]
[57, 32, 3]
[57, 41, 5]
[57, 60, 5]
[57, 95, 3]
[57, 113, 5]
[57, 119, 4]
[57, 125, 5]
[57, 130, 3]
[57, 136, 3]
[57, 140, 4]
[57, 170, 5]
[58, 57, 5]
[58, 186, 3]
[60, 23, 5]
[60, 40, 4]
[60, 94, 5]
[60, 119, 5]
[60, 153, 4]
[61, 42, 4]
[61, 66, 4]
[61, 110, 3]
[61, 129, 3]
[61, 136, 4]
[61, 140, 4]
[61, 155, 3]
[61, 165, 4]
[61, 169, 2]
[61, 174, 5]
[61, 184, 3]
[62, 22, 4]
[62, 40, 5]
[62, 95, 4]
[62, 116, 1]
[62, 120, 5]
[62, 146, 5]
[62, 168, 3]
[63, 18, 2]
[63, 23, 4]
[63, 41, 3]
[63, 66, 5]
[63, 117, 3]
[63, 133, 3]
[63, 170, 3]
[65, 40, 2]
[65, 140, 3]
[66, 23, 2]
[66, 33, 3]
[66, 40, 2]
[66, 41, 3]
[66, 66, 2]
[66, 75, 2]
[66, 82, 2]
[66, 95, 1]
[66, 104, 2]
[66, 110, 2]
[66, 113, 4]
[66, 120, 1]
[66, 135, 2]
[66, 141, 2]
[66, 146, 1]
[66, 152, 1]
[66, 153, 2]
[66, 165, 2]
[66, 169, 1]
[66, 178, 1]
[66, 187, 2]
[66, 198, 2]
[67, 9, 5]
[67, 45, 3]
[67, 66, 1]
[67, 75, 1]
[67, 85, 5]
[67, 95, 3]
[67, 104, 1]
[67, 105, 1]
[67, 110, 3]
[67, 114, 1]
[67, 136, 2]
[67, 140, 5]
[67, 169, 4]
[67, 174, 5]
[67, 178, 5]
[67, 179, 1]
[67, 182, 1]
[68, 39, 4]
[68, 50, 4]
[68, 55, 3]
[68, 64, 2]
[68, 82, 4]
[68, 113, 3]
[68, 116, 4]
[68, 142, 4]
[68, 178, 4]
[68, 185, 3]
[69, 23, 5]
[69, 74, 4]
[69, 120, 5]
[69, 130, 5]
[69, 135, 4]
[69, 140, 3]
[69, 170, 5]
[69, 185, 3]
[70, 40, 3]
[71, 8, 2]
[71, 13, 2]
[71, 40, 2]
[71, 41, 2]
[71, 63, 5]
[71, 64, 1]
[71, 74, 2]
[71, 94, 2]
[71, 100, 1]
[71, 103, 3]
[71, 104, 1]
[71, 108, 3]
[71, 111, 1]
[71, 116, 2]
[71, 118, 3]
[71, 121, 4]
[71, 128, 1]
[71, 134, 5]
[71, 149, 3]
[71, 152, 3]
[71, 153, 3]
[71, 164, 2]
[71, 171, 3]
[71, 174, 2]
[71, 178, 3]
[71, 190, 2]
[72, 104, 4]
[72, 169, 4]
[72, 178, 5]
[74, 8, 4]
[74, 9, 5]
[74, 16, 4]
[74, 28, 2]
[74, 40, 5]
[74, 41, 5]
[74, 46, 4]
[74, 52, 3]
[74, 94, 4]
[74, 95, 4]
[74, 110, 4]
[74, 125, 4]
[74, 153, 4]
[74, 155, 4]
[74, 165, 4]
[74, 167, 2]
[74, 178, 4]
[74, 182, 3]
[74, 193, 4]
[74, 198, 4]
[75, 8, 4]
[75, 41, 5]
[75, 63, 4]
[75, 107, 3]
[75, 170, 5]
[76, 178, 5]
[76, 198, 3]
[77, 39, 2]
[77, 50, 3]
[77, 55, 3]
[77, 65, 3]
[77, 66, 2]
[77, 75, 2]
[77, 81, 2]
[77, 87, 2]
[77, 92, 4]
[77, 95, 2]
[77, 99, 2]
[77, 116, 1]
[77, 123, 4]
[77, 129, 2]
[77, 141, 1]
[77, 155, 1]
[77, 161, 1]
[77, 168, 3]
[77, 179, 2]
[77, 182, 1]
[77, 184, 2]
[77, 190, 4]
[78, 4, 4]
[78, 10, 3]
[78, 16, 3]
[78, 18, 1]
[78, 19, 2]
[78, 27, 4]
[78, 38, 3]
[78, 41, 5]
[78, 56, 4]
[78, 62, 4]
[78, 66, 2]
[78, 96, 4]
[78, 104, 4]
[78, 105, 4]
[78, 107, 3]
[78, 110, 2]
[78, 115, 3]
[78, 116, 4]
[78, 129, 3]
[78, 132, 3]
[78, 140, 5]
[78, 142, 2]
[78, 158, 2]
[78, 164, 1]
[78, 169, 2]
[78, 170, 3]
[78, 178, 3]
[78, 180, 3]
[78, 198, 2]
[78, 199, 1]
[79, 116, 4]
[80, 40, 4]
[80, 50, 4]
[80, 55, 3]
[80, 66, 4]
[80, 70, 4]
[80, 104, 4]
[80, 105, 1]
[80, 110, 1]
[80, 116, 4]
[80, 130, 5]
[80, 140, 4]
[80, 142, 5]
[80, 146, 4]
[80, 165, 3]
[80, 169, 3]
[81, 4, 3]
[81, 16, 4]
[81, 40, 5]
[81, 50, 5]
[81, 52, 4]
[81, 70, 4]
[81, 71, 3]
[81, 94, 5]
[81, 95, 4]
[81, 104, 4]
[81, 110, 4]
[81, 116, 4]
[81, 120, 5]
[81, 135, 5]
[81, 140, 3]
[81, 152, 4]
[81, 153, 5]
[81, 178, 5]
[81, 182, 3]
[82, 51, 4]
[83, 16, 3]
[83, 23, 3]
[83, 40, 5]
[83, 41, 4]
[83, 70, 5]
[83, 115, 2]
[83, 136, 4]
[83, 140, 5]
[83, 170, 5]
[83, 174, 1]
[83, 178, 5]
[84, 170, 4]
[85, 12, 4]
[85, 41, 2]
[85, 81, 3]
[85, 116, 5]
[85, 164, 1]
[85, 178, 4]
[85, 187, 3]
[85, 190, 3]
[86, 65, 4]
[86, 66, 5]
[86, 68, 5]
[86, 121, 2]
[86, 140, 3]
[86, 182, 4]
[86, 184, 5]
[86, 190, 4]
[88, 23, 4]
[88, 29, 2]
[88, 50, 3]
[88, 66, 4]
[88, 119, 4]
[88, 121, 4]
[88, 174, 1]
[89, 23, 3]
[91, 2, 4]
[91, 21, 1]
[91, 108, 5]
[91, 115, 4]
[91, 121, 4]
[91, 131, 4]
[91, 135, 3]
[91, 148, 3]
[91, 174, 3]
[92, 116, 4]
[92, 121, 3]
[92, 148, 3]
[92, 170, 5]
[93, 13, 4]
[94, 10, 4]
[94, 45, 2]
[94, 66, 4]
[94, 75, 2]
[94, 92, 3]
[94, 136, 4]
[94, 178, 5]
[95, 10, 5]
[95, 23, 4]
[95, 24, 5]
[95, 29, 4]
[95, 40, 3]
[95, 52, 4]
[95, 66, 4]
[95, 87, 3]
[95, 95, 4]
[95, 121, 2]
[95, 129, 5]
[95, 136, 4]
[95, 153, 4]
[95, 169, 4]
[95, 175, 3]
[95, 178, 3]
[95, 182, 3]
[95, 190, 1]
[96, 108, 5]
[96, 170, 5]
[96, 174, 4]
[98, 70, 4]
[98, 140, 5]
[98, 142, 4]
[98, 146, 4]
[98, 165, 3]
[98, 170, 2]
[99, 66, 3]
[99, 129, 1]
[99, 170, 1]
[100, 113, 3]
[101, 110, 3]
[101, 121, 3]
[101, 174, 4]
[103, 170, 3]
[104, 9, 4]
[104, 40, 4]
[104, 94, 5]
[104, 153, 4]
[104, 162, 2]
[104, 178, 3]
[105, 25, 4]
[105, 40, 4]
[105, 87, 2]
[105, 92, 3]
[105, 103, 4]
[105, 108, 4]
[105, 116, 5]
[105, 120, 4]
[105, 123, 3]
[105, 140, 4]
[105, 143, 3]
[105, 153, 4]
[105, 168, 3]
[105, 170, 4]
[105, 174, 4]
[106, 190, 3]
[108, 7, 3]
[108, 8, 1]
[108, 22, 2]
[108, 52, 2]
[108, 70, 2]
[108, 74, 3]
[108, 85, 2]
[108, 95, 2]
[108, 110, 2]
[108, 140, 3]
[108, 142, 3]
[108, 178, 3]
[108, 184, 2]
[108, 198, 2]
[109, 12, 3]
[109, 60, 3]
[109, 164, 2]
[110, 116, 4]
[110, 190, 4]
[111, 116, 4]
[112, 135, 4]
[113, 50, 5]
[113, 70, 3]
[114, 66, 5]
[114, 116, 5]
[114, 136, 4]
[114, 164, 3]
[115, 25, 3]
[115, 32, 4]
[116, 16, 4]
[116, 66, 2]
[116, 104, 3]
[116, 116, 4]
[116, 132, 4]
[116, 136, 4]
[116, 140, 4]
[116, 169, 4]
[116, 198, 4]
[117, 24, 4]
[117, 65, 3]
[117, 66, 3]
[117, 80, 3]
[117, 121, 4]
[117, 190, 2]
[120, 16, 4]
[120, 18, 5]
[120, 41, 3]
[120, 52, 2]
[120, 116, 5]
[120, 178, 5]
[121, 74, 4]
[122, 6, 5]
[122, 10, 4]
[122, 70, 3]
[122, 120, 5]
[122, 139, 5]
[122, 140, 4]
[122, 170, 3]
[122, 171, 2]
[122, 194, 5]
[122, 198, 5]
[123, 52, 1]
[123, 66, 1]
[123, 75, 1]
[123, 92, 4]
[123, 104, 1]
[123, 116, 3]
[123, 120, 4]
[123, 125, 3]
[123, 145, 2]
[123, 170, 2]
[123, 178, 5]
[123, 184, 3]
[124, 45, 2]
[124, 66, 4]
[124, 136, 2]
[125, 140, 3]
[125, 178, 4]
[126, 24, 5]
[128, 140, 4]
[129, 27, 4]
[129, 135, 5]
[129, 140, 4]
[129, 153, 4]
[129, 189, 4]
[129, 192, 4]
[130, 24, 4]
[130, 32, 3]
[130, 50, 3]
[130, 94, 4]
[130, 119, 4]
[130, 152, 3]
[132, 8, 3]
[132, 56, 4]
[132, 95, 4]
[132, 104, 2]
[132, 110, 3]
[132, 120, 3]
[132, 165, 4]
[132, 169, 4]
[132, 174, 4]
[132, 178, 4]
[132, 184, 4]
[132, 192, 4]
[132, 198, 5]
[133, 190, 5]
[134, 23, 4]
[135, 65, 5]
[135, 113, 5]
[135, 148, 5]
[136, 64, 3]
[136, 66, 3]
[136, 116, 2]
[136, 128, 3]
[136, 174, 3]
[136, 185, 4]
[136, 187, 2]
[140, 8, 4]
[140, 23, 5]
[140, 65, 4]
[140, 104, 3]
[140, 116, 3]
[140, 136, 3]
[140, 169, 4]
[140, 190, 3]
[141, 23, 4]
[141, 40, 3]
[141, 52, 4]
[141, 121, 3]
[141, 162, 2]
[141, 170, 3]
[142, 10, 2]
[142, 29, 4]
[142, 33, 3]
[142, 39, 3]
[142, 66, 5]
[142, 75, 2]
[142, 81, 2]
[142, 92, 5]
[142, 129, 5]
[142, 137, 2]
[142, 160, 3]
[142, 164, 2]
[142, 182, 4]
[142, 187, 5]
[142, 190, 5]
[143, 25, 4]
[145, 9, 4]
[145, 15, 2]
[145, 23, 1]
[145, 25, 4]
[145, 39, 1]
[145, 41, 1]
[145, 52, 1]
[145, 56, 1]
[145, 65, 4]
[145, 66, 4]
[145, 70, 5]
[145, 82, 3]
[145, 85, 3]
[145, 89, 1]
[145, 95, 3]
[145, 99, 3]
[145, 104, 2]
[145, 105, 2]
[145, 110, 3]
[145, 116, 5]
[145, 120, 3]
[145, 136, 2]
[145, 140, 3]
[145, 141, 1]
[145, 152, 2]
[145, 155, 1]
[145, 161, 1]
[145, 162, 1]
[145, 167, 1]
[145, 168, 1]
[145, 171, 5]
[145, 172, 1]
[145, 176, 1]
[145, 178, 5]
[145, 190, 2]
[145, 198, 3]
[146, 94, 5]
[148, 25, 4]
[148, 50, 3]
[149, 36, 2]
[149, 66, 3]
[149, 178, 3]
[149, 190, 4]
[150, 41, 4]
[150, 94, 5]
[150, 125, 2]
[150, 140, 4]
[150, 153, 5]
[150, 170, 5]
[150, 174, 2]
[151, 9, 4]
[151, 16, 3]
[151, 38, 4]
[151, 46, 4]
[151, 62, 1]
[151, 66, 1]
[151, 74, 4]
[151, 87, 1]
[151, 99, 4]
[151, 104, 5]
[151, 105, 4]
[151, 110, 2]
[151, 116, 1]
[151, 125, 4]
[151, 129, 3]
[151, 130, 4]
[151, 136, 2]
[151, 140, 5]
[151, 146, 4]
[151, 152, 4]
[151, 159, 2]
[151, 168, 3]
[151, 169, 3]
[151, 170, 4]
[151, 174, 4]
[151, 178, 4]
[151, 190, 2]
[151, 194, 5]
[152, 41, 1]
[154, 139, 4]
[154, 140, 4]
[155, 22, 2]
[155, 24, 5]
[155, 80, 1]
[155, 152, 4]
[155, 198, 3]
[156, 18, 4]
[156, 23, 5]
[156, 65, 3]
[156, 66, 4]
[156, 95, 3]
[156, 113, 3]
[156, 115, 4]
[156, 119, 5]
[156, 136, 2]
[156, 148, 2]
[156, 162, 2]
[156, 178, 5]
[156, 190, 3]
[157, 39, 4]
[157, 129, 3]
[158, 66, 4]
[159, 65, 3]
[159, 95, 1]
[159, 120, 4]
[159, 153, 3]
[159, 178, 4]
[162, 9, 4]
[162, 16, 4]
[162, 18, 2]
[162, 23, 5]
[162, 38, 3]
[162, 40, 4]
[162, 70, 3]
[162, 85, 4]
[162, 113, 4]
[162, 120, 4]
[162, 135, 4]
[162, 146, 3]
[162, 152, 5]
[162, 165, 3]
[162, 178, 5]
[162, 198, 4]
[163, 108, 5]
[163, 136, 4]
[163, 174, 4]
[164, 165, 3]
[167, 65, 1]
[167, 171, 4]
[167, 190, 1]
[168, 110, 4]
[168, 135, 3]
[168, 174, 4]
[169, 16, 4]
[169, 25, 4]
[169, 50, 4]
[169, 66, 4]
[169, 80, 3]
[169, 113, 4]
[169, 116, 5]
[169, 187, 3]
[169, 190, 4]
[170, 16, 3]
[170, 24, 3]
[170, 25, 3]
[170, 50, 3]
[170, 92, 2]
[170, 140, 3]
[170, 142, 4]
[170, 157, 2]
[170, 187, 2]
[173, 66, 1]
[173, 137, 1]
[173, 141, 1]
[174, 2, 3]
[174, 170, 4]
[175, 23, 5]
[175, 113, 3]
[175, 116, 4]
[175, 141, 3]
[175, 152, 3]
[176, 62, 2]
[176, 104, 4]
[176, 105, 2]
[176, 110, 4]
[176, 140, 4]
[176, 165, 3]
[176, 169, 3]
[176, 182, 2]
[177, 38, 4]
[177, 40, 4]
[177, 41, 4]
[177, 94, 4]
[177, 95, 3]
[177, 113, 3]
[177, 125, 4]
[177, 152, 4]
[177, 153, 4]
[177, 170, 5]
[178, 6, 3]
[178, 21, 3]
[178, 25, 3]
[178, 26, 4]
[178, 40, 2]
[178, 44, 5]
[178, 50, 3]
[178, 77, 4]
[178, 85, 1]
[178, 103, 4]
[178, 118, 4]
[178, 130, 4]
[178, 142, 3]
[178, 157, 4]
[178, 170, 3]
[178, 174, 1]
[178, 192, 4]
[179, 18, 4]
[180, 66, 3]
[181, 23, 5]
[181, 24, 4]
[181, 25, 5]
[181, 27, 4]
[181, 40, 4]
[181, 41, 4]
[181, 50, 4]
[181, 55, 3]
[181, 65, 3]
[181, 66, 3]
[181, 80, 4]
[181, 82, 5]
[181, 95, 4]
[181, 99, 5]
[181, 113, 5]
[181, 116, 4]
[181, 119, 5]
[181, 121, 3]
[181, 123, 4]
[181, 129, 3]
[181, 140, 4]
[181, 141, 3]
[181, 143, 3]
[181, 148, 3]
[181, 152, 4]
[181, 160, 2]
[181, 170, 4]
[181, 172, 3]
[181, 178, 4]
[181, 190, 2]
[182, 82, 4]
[182, 108, 4]
[183, 36, 2]
[183, 74, 3]
[183, 79, 3]
[183, 107, 3]
[183, 130, 4]
[183, 135, 3]
[183, 168, 5]
[183, 170, 4]
[183, 195, 2]
[184, 198, 2]
[185, 10, 2]
[185, 22, 2]
[185, 23, 1]
[185, 27, 2]
[185, 40, 3]
[185, 52, 2]
[185, 55, 5]
[185, 65, 4]
[185, 70, 3]
[185, 74, 2]
[185, 81, 1]
[185, 89, 1]
[185, 110, 2]
[185, 116, 3]
[185, 123, 2]
[185, 132, 2]
[185, 134, 5]
[185, 135, 2]
[185, 140, 4]
[185, 158, 2]
[185, 159, 2]
[185, 162, 1]
[185, 170, 2]
[185, 178, 2]
[185, 184, 3]
[186, 23, 5]
[186, 41, 5]
[186, 104, 3]
[187, 60, 4]
[187, 66, 4]
[187, 89, 3]
[187, 128, 1]
[187, 153, 4]
[187, 178, 4]
[189, 66, 4]
[189, 82, 5]
[189, 116, 4]
[189, 152, 4]
[189, 155, 2]
[189, 178, 4]
[189, 190, 2]
[191, 136, 5]
[192, 8, 4]
[192, 16, 4]
[192, 66, 5]
[192, 113, 3]
[192, 116, 1]
[192, 141, 4]
[192, 155, 3]
[192, 178, 5]
[193, 39, 3]
[193, 40, 4]
[193, 42, 1]
[193, 62, 4]
[193, 66, 2]
[193, 95, 3]
[193, 120, 4]
[193, 152, 3]
[193, 153, 3]
[193, 190, 4]
[194, 136, 3]
[196, 23, 4]
[196, 116, 4]
[196, 170, 3]
[197, 65, 5]
[197, 174, 3]
[199, 8, 3]
[199, 10, 4]
[199, 23, 2]
[199, 52, 4]
[199, 66, 2]
[199, 105, 1]
[199, 110, 3]
[199, 135, 4]
[199, 136, 5]
[199, 169, 2]
[199, 175, 3]
[200, 178, 5]
[200, 195, 2]
[201, 9, 3]
[201, 41, 1]
[201, 50, 4]
[201, 52, 4]
[201, 65, 4]
[201, 85, 2]
[201, 136, 3]
[201, 140, 4]
[201, 143, 2]
[201, 145, 1]
[201, 182, 3]
[201, 190, 4]
[202, 8, 1]
[203, 116, 3]
[203, 182, 2]
[204, 9, 4]
[204, 10, 5]
[204, 16, 4]
[204, 28, 3]
[204, 29, 4]
[204, 40, 4]
[204, 45, 5]
[204, 52, 4]
[204, 61, 4]
[204, 65, 4]
[204, 66, 5]
[204, 75, 3]
[204, 87, 5]
[204, 92, 5]
[204, 98, 4]
[204, 99, 4]
[204, 123, 4]
[204, 129, 4]
[204, 132, 4]
[204, 135, 3]
[204, 137, 4]
[204, 141, 4]
[204, 152, 5]
[204, 155, 3]
[204, 160, 3]
[204, 167, 4]
[204, 168, 5]
[204, 174, 4]
[204, 178, 4]
[204, 179, 4]
[204, 184, 3]
[204, 187, 4]
[204, 190, 4]
[204, 196, 5]
[204, 198, 4]
[205, 10, 5]
[205, 50, 5]
[205, 55, 5]
[205, 94, 4]
[205, 116, 4]
[205, 119, 4]
[205, 129, 5]
[205, 153, 4]
[205, 190, 2]
[206, 65, 3]
[206, 113, 4]
[206, 148, 3]
[209, 16, 4]
[209, 40, 5]
[209, 52, 4]
[209, 63, 5]
[209, 76, 1]
[209, 85, 2]
[209, 87, 3]
[209, 93, 2]
[209, 96, 3]
[209, 104, 3]
[209, 105, 4]
[209, 116, 4]
[209, 121, 3]
[209, 148, 3]
[209, 153, 5]
[209, 162, 3]
[209, 167, 3]
[209, 169, 4]
[209, 178, 4]
[209, 184, 4]
[209, 198, 4]
[210, 40, 4]
[210, 46, 4]
[210, 94, 5]
[210, 140, 3]
[210, 170, 4]
[210, 175, 5]
[210, 195, 5]
[210, 198, 3]
[211, 40, 5]
[211, 70, 4]
[211, 169, 3]
[211, 178, 4]
[211, 182, 3]
[212, 174, 4]
[213, 8, 3]
[214, 104, 3]
[215, 4, 4]
[215, 8, 3]
[215, 10, 4]
[215, 16, 4]
[215, 23, 4]
[215, 45, 4]
[215, 66, 4]
[215, 129, 4]
[215, 141, 3]
[215, 155, 3]
[215, 178, 5]
[215, 184, 4]
[215, 185, 4]
[215, 198, 3]
[216, 66, 3]
[217, 16, 5]
[217, 41, 5]
[217, 45, 2]
[217, 52, 3]
[217, 65, 4]
[217, 66, 3]
[217, 75, 3]
[217, 81, 3]
[217, 104, 4]
[217, 140, 4]
[217, 153, 4]
[217, 155, 3]
[217, 170, 4]
[217, 178, 5]
[217, 196, 3]
[217, 198, 4]
[218, 70, 3]
[218, 140, 4]
[218, 153, 5]
[218, 178, 4]
[218, 192, 3]
[219, 136, 5]
[220, 142, 3]
[220, 146, 4]
[221, 10, 4]
[221, 24, 5]
[221, 129, 2]
[221, 170, 5]
[222, 66, 4]
[222, 75, 3]
[222, 129, 3]
[222, 136, 3]
[222, 182, 2]
[222, 190, 2]
[223, 190, 3]
[224, 110, 4]
[225, 25, 1]
[225, 40, 4]
[226, 190, 4]
[227, 2, 5]
[227, 50, 4]
[228, 10, 5]
[228, 41, 1]
[228, 52, 4]
[228, 55, 4]
[228, 116, 5]
[228, 137, 3]
[228, 141, 1]
[228, 152, 4]
[228, 155, 2]
[228, 170, 1]
[229, 56, 5]
[229, 136, 4]
[229, 174, 4]
[231, 66, 2]
[231, 104, 3]
[231, 116, 5]
[231, 171, 4]
[232, 8, 2]
[232, 18, 4]
[232, 40, 4]
[232, 68, 3]
[232, 96, 2]
[232, 104, 3]
[232, 110, 3]
[232, 133, 3]
[232, 135, 4]
[232, 136, 3]
[232, 142, 4]
[233, 25, 5]
[234, 136, 4]
[236, 178, 3]
[237, 51, 5]
[237, 189, 5]
[238, 125, 2]
[239, 94, 5]
[239, 116, 5]
[239, 175, 4]
[239, 178, 5]
[240, 81, 3]
[241, 119, 4]
[241, 120, 5]
[241, 153, 5]
[241, 170, 5]
[242, 64, 3]
[243, 66, 4]
[243, 136, 5]
[243, 172, 4]
[243, 185, 2]
[244, 65, 5]
[244, 113, 5]
[244, 141, 4]
[245, 9, 4]
[245, 10, 5]
[245, 11, 2]
[245, 16, 5]
[245, 18, 5]
[245, 20, 3]
[245, 23, 3]
[245, 27, 4]
[245, 33, 1]
[245, 38, 4]
[245, 39, 2]
[245, 40, 4]
[245, 41, 5]
[245, 42, 4]
[245, 46, 5]
[245, 47, 3]
[245, 55, 5]
[245, 60, 4]
[245, 63, 3]
[245, 65, 2]
[245, 66, 3]
[245, 68, 4]
[245, 70, 4]
[245, 81, 4]
[245, 82, 5]
[245, 85, 3]
[245, 87, 4]
[245, 92, 4]
[245, 93, 1]
[245, 94, 4]
[245, 99, 3]
[245, 104, 3]
[245, 110, 5]
[245, 113, 5]
[245, 116, 3]
[245, 117, 4]
[245, 125, 4]
[245, 128, 1]
[245, 129, 1]
[245, 132, 1]
[245, 136, 3]
[245, 140, 4]
[245, 141, 1]
[245, 145, 2]
[245, 146, 5]
[245, 152, 5]
[245, 158, 4]
[245, 167, 2]
[245, 168, 4]
[245, 169, 3]
[245, 170, 4]
[245, 174, 5]
[245, 176, 3]
[245, 178, 5]
[245, 182, 1]
[245, 185, 4]
[245, 198, 4]
[246, 16, 5]
[246, 23, 4]
[246, 52, 4]
[246, 56, 2]
[246, 65, 4]
[246, 87, 4]
[246, 89, 4]
[246, 94, 4]
[246, 101, 4]
[246, 178, 4]
[246, 184, 4]
[246, 195, 3]
[247, 64, 1]
[247, 116, 4]
[248, 66, 5]
[249, 23, 5]
[249, 24, 4]
[249, 80, 4]
[249, 119, 4]
[249, 129, 2]
[249, 136, 3]
[250, 23, 5]
[250, 24, 4]
[250, 40, 4]
[250, 50, 3]
[250, 70, 4]
[250, 92, 1]
[250, 94, 2]
[250, 119, 5]
[250, 120, 3]
[250, 125, 5]
[250, 136, 3]
[250, 145, 1]
[250, 170, 4]
[251, 74, 5]
[251, 96, 3]
[251, 115, 3]
[251, 170, 4]
[253, 16, 4]
[253, 18, 4]
[253, 23, 5]
[253, 40, 4]
[253, 46, 2]
[253, 70, 4]
[253, 113, 4]
[253, 125, 5]
[253, 153, 4]
[253, 165, 5]
[253, 170, 4]
[253, 178, 3]
[253, 194, 4]
[254, 8, 3]
[254, 16, 4]
[254, 23, 4]
[254, 105, 4]
[254, 178, 4]
[255, 65, 2]
[255, 66, 4]
[255, 137, 3]
[255, 141, 5]
[255, 155, 4]
[257, 136, 3]
[257, 169, 3]
[258, 4, 2]
[258, 5, 4]
[258, 52, 1]
[258, 74, 4]
[258, 116, 5]
[258, 170, 4]
[258, 178, 4]
[259, 12, 4]
[259, 16, 3]
[259, 23, 5]
[259, 33, 2]
[259, 39, 3]
[259, 40, 5]
[259, 41, 4]
[259, 42, 3]
[259, 55, 3]
[259, 61, 3]
[259, 65, 3]
[259, 66, 4]
[259, 76, 5]
[259, 81, 4]
[259, 82, 4]
[259, 113, 5]
[259, 121, 3]
[259, 128, 2]
[259, 141, 4]
[259, 145, 3]
[259, 148, 4]
[259, 152, 5]
[259, 155, 4]
[259, 164, 4]
[259, 170, 3]
[259, 178, 5]
[259, 180, 3]
[259, 185, 3]
[259, 187, 4]
[259, 190, 3]
[259, 196, 4]
[260, 66, 5]
[260, 140, 5]
[260, 162, 5]
[260, 178, 4]
[261, 65, 5]
[261, 66, 5]
[261, 68, 4]
[261, 81, 4]
[261, 116, 1]
[261, 121, 5]
[261, 129, 3]
[262, 60, 3]
[262, 89, 3]
[262, 143, 3]
[262, 152, 5]
[263, 8, 4]
[263, 52, 5]
[263, 66, 4]
[263, 75, 3]
[263, 132, 1]
[263, 155, 4]
[263, 169, 5]
[263, 176, 5]
[263, 177, 4]
[263, 182, 4]
[263, 193, 4]
[263, 196, 5]
[264, 33, 3]
[264, 35, 1]
[264, 45, 4]
[264, 47, 4]
[264, 52, 2]
[264, 87, 4]
[264, 95, 3]
[264, 99, 3]
[264, 155, 2]
[264, 169, 4]
[264, 177, 2]
[264, 178, 4]
[265, 33, 4]
[265, 54, 3]
[265, 65, 3]
[265, 66, 2]
[265, 75, 1]
[265, 116, 5]
[265, 137, 4]
[265, 141, 3]
[265, 155, 1]
[265, 178, 5]
[265, 187, 4]
[265, 190, 4]
[265, 198, 2]
[267, 8, 1]
[267, 10, 4]
[267, 11, 2]
[267, 15, 3]
[267, 16, 4]
[267, 20, 1]
[267, 22, 1]
[267, 23, 4]
[267, 28, 1]
[267, 33, 1]
[267, 39, 1]
[267, 40, 5]
[267, 41, 4]
[267, 42, 2]
[267, 45, 3]
[267, 46, 4]
[267, 50, 4]
[267, 52, 4]
[267, 63, 5]
[267, 66, 2]
[267, 75, 1]
[267, 80, 4]
[267, 82, 4]
[267, 85, 3]
[267, 87, 2]
[267, 89, 1]
[267, 92, 3]
[267, 93, 1]
[267, 95, 3]
[267, 98, 1]
[267, 99, 4]
[267, 103, 5]
[267, 104, 4]
[267, 110, 4]
[267, 113, 4]
[267, 114, 3]
[267, 116, 3]
[267, 120, 5]
[267, 121, 4]
[267, 123, 3]
[267, 128, 1]
[267, 129, 3]
[267, 132, 1]
[267, 135, 4]
[267, 136, 4]
[267, 137, 1]
[267, 140, 4]
[267, 141, 1]
[267, 143, 3]
[267, 148, 3]
[267, 152, 5]
[267, 153, 5]
[267, 160, 1]
[267, 162, 3]
[267, 167, 1]
[267, 168, 4]
[267, 169, 3]
[267, 170, 4]
[267, 176, 1]
[267, 178, 5]
[267, 179, 1]
[267, 184, 1]
[267, 185, 3]
[267, 187, 1]
[267, 196, 2]
[267, 198, 2]
[268, 16, 5]
[268, 27, 4]
[268, 41, 4]
[268, 50, 5]
[268, 65, 4]
[268, 140, 3]
[268, 142, 5]
[268, 153, 3]
[268, 171, 5]
[268, 178, 5]
[268, 198, 4]
[269, 24, 3]
[269, 113, 5]
[270, 32, 3]
[270, 41, 4]
[270, 52, 4]
[270, 104, 4]
[270, 105, 2]
[270, 130, 3]
[270, 140, 4]
[270, 169, 4]
[270, 174, 2]
[271, 130, 5]
[272, 174, 4]
[273, 136, 4]
[273, 178, 5]
[274, 94, 3]
[274, 120, 5]
[274, 130, 5]
[274, 140, 3]
[274, 152, 5]
[274, 153, 5]
[274, 170, 5]
[274, 178, 4]
[275, 10, 3]
[275, 19, 2]
[275, 23, 5]
[275, 24, 1]
[275, 41, 5]
[275, 47, 3]
[275, 57, 1]
[275, 89, 5]
[275, 92, 3]
[275, 129, 2]
[275, 132, 2]
[275, 180, 1]
[275, 187, 2]
[275, 190, 2]
[276, 36, 4]
[276, 62, 4]
[276, 94, 4]
[276, 105, 4]
[276, 140, 4]
[276, 169, 4]
[276, 182, 3]
[276, 184, 3]
[278, 10, 3]
[278, 16, 4]
[278, 25, 5]
[278, 27, 3]
[278, 40, 4]
[278, 41, 2]
[278, 42, 3]
[278, 52, 4]
[278, 57, 1]
[278, 65, 3]
[278, 66, 4]
[278, 80, 4]
[278, 82, 4]
[278, 85, 3]
[278, 87, 3]
[278, 93, 3]
[278, 114, 4]
[278, 121, 3]
[278, 125, 3]
[278, 132, 5]
[278, 135, 2]
[278, 148, 3]
[278, 152, 3]
[278, 155, 1]
[278, 167, 3]
[278, 168, 3]
[278, 170, 3]
[278, 178, 4]
[278, 179, 1]
[278, 182, 3]
[278, 184, 3]
[278, 185, 3]
[278, 187, 5]
[278, 190, 2]
[278, 196, 3]
[279, 70, 2]
[280, 16, 5]
[280, 61, 3]
[280, 65, 4]
[280, 178, 5]
[280, 198, 5]
[281, 12, 3]
[281, 25, 4]
[281, 27, 4]
[281, 41, 4]
[281, 50, 4]
[281, 66, 2]
[281, 116, 5]
[281, 132, 4]
[281, 135, 4]
[281, 169, 3]
[281, 182, 2]
[281, 187, 3]
[282, 23, 4]
[282, 46, 4]
[282, 94, 4]
[282, 116, 4]
[282, 121, 3]
[282, 125, 3]
[282, 136, 5]
[282, 140, 5]
[282, 164, 2]
[282, 168, 4]
[282, 174, 5]
[283, 16, 5]
[283, 23, 4]
[283, 40, 5]
[283, 52, 5]
[283, 66, 4]
[283, 81, 4]
[283, 104, 4]
[283, 105, 4]
[283, 121, 5]
[283, 129, 4]
[283, 152, 5]
[283, 170, 3]
[283, 178, 4]
[283, 198, 5]
[284, 8, 2]
[284, 9, 5]
[284, 16, 2]
[284, 18, 5]
[284, 22, 2]
[284, 52, 2]
[284, 63, 3]
[284, 70, 3]
[284, 85, 3]
[284, 94, 3]
[284, 96, 4]
[284, 110, 2]
[284, 114, 4]
[284, 120, 4]
[284, 134, 3]
[284, 140, 3]
[284, 142, 4]
[284, 143, 2]
[284, 154, 4]
[284, 155, 2]
[284, 162, 2]
[284, 169, 4]
[284, 170, 4]
[284, 198, 2]
[286, 42, 2]
[287, 16, 3]
[288, 2, 4]
[288, 136, 2]
[288, 153, 4]
[290, 130, 5]
[291, 27, 4]
[291, 41, 4]
[291, 82, 4]
[291, 152, 5]
[292, 16, 2]
[292, 23, 4]
[292, 41, 4]
[292, 66, 3]
[292, 116, 4]
[292, 129, 3]
[292, 171, 4]
[292, 178, 5]
[292, 190, 4]
[293, 136, 4]
[293, 169, 3]
[294, 41, 4]
[294, 65, 3]
[294, 66, 3]
[294, 178, 3]
[295, 16, 5]
[295, 40, 3]
[295, 116, 5]
[296, 65, 4]
[296, 66, 5]
[296, 113, 5]
[296, 116, 5]
[296, 190, 4]
[297, 23, 5]
[297, 27, 5]
[297, 40, 5]
[297, 60, 5]
[297, 70, 4]
[297, 113, 4]
[297, 120, 4]
[297, 153, 4]
[297, 178, 4]
[299, 64, 1]
[299, 93, 3]
[299, 116, 5]
