0 0 4
0 4 5
0 6 2
0 8 3
0 9 5
0 10 1
0 12 5
0 13 3
0 14 2
0 15 3
0 16 4
0 19 3
0 21 4
0 22 1
0 24 5
0 26 1
0 27 4
0 28 3
0 29 5
0 32 2
0 33 5
0 35 3
0 37 3
0 38 4
0 41 4
0 42 5
0 43 5
0 44 2
0 45 1
0 48 3
0 50 1
0 51 1
0 53 4
0 54 3
0 55 3
0 56 5
0 57 5
0 59 3
0 61 3
0 62 3
0 63 5
0 65 5
0 66 4
0 67 4
0 68 5
0 69 5
0 70 1
0 71 3
0 73 5
0 74 5
0 75 3
0 76 4
0 77 2
0 82 4
0 86 5
0 89 4
0 90 5
0 93 5
0 95 5
0 96 2
0 97 4
0 100 1
0 102 4
0 104 1
0 108 1
0 115 3
0 117 1
0 120 3
0 121 2
0 123 4
0 125 2
0 127 1
0 133 5
0 134 3
0 137 4
0 139 5
0 140 3
0 141 1
0 145 5
0 149 5
0 150 5
0 155 3
0 158 4
0 162 4
0 163 5
0 164 2
0 168 4
0 170 3
0 175 2
0 177 1
0 179 1
0 181 4
0 185 5
0 186 1
0 189 3
0 191 1
0 200 5
0 202 2
0 204 4
0 208 4
0 209 4
0 215 4
0 225 3
0 229 1
0 232 1
0 235 1
0 240 2
0 241 2
0 254 1
0 258 1
0 259 1
0 263 1
0 264 5
0 269 1
0 276 2
0 280 4
0 282 5
0 289 2
0 290 5
0 296 1
0 304 2
0 315 1
0 325 1
0 339 1
0 340 2
0 353 1
0 369 1
0 386 1
1 0 4
1 1 3
1 2 1
1 3 4
1 4 3
1 5 2
1 7 3
1 9 4
1 10 2
1 11 2
1 13 4
1 14 2
1 15 4
1 16 4
1 19 1
1 21 3
1 22 1
1 24 4
1 25 3
1 26 2
1 27 4
1 29 4
1 31 3
1 32 4
1 33 4
1 34 4
1 35 4
1 36 4
1 41 1
1 42 3
1 43 4
1 46 4
1 47 3
1 48 2
1 49 3
1 53 3
1 58 4
1 59 1
1 62 3
1 64 2
1 65 3
1 69 4
1 73 3
1 74 3
1 80 1
1 81 4
1 86 3
1 87 4
1 90 3
1 91 3
1 92 4
1 93 3
1 95 4
1 96 1
1 99 3
1 101 3
1 102 3
1 110 3
1 111 2
1 112 2
1 113 4
1 114 2
1 116 4
1 117 1
1 120 3
1 121 2
1 123 3
1 126 4
1 129 3
1 130 3
1 132 2
1 133 4
1 135 3
1 138 3
1 144 3
1 149 2
1 150 3
1 152 4
1 161 3
1 162 3
1 171 2
1 181 2
1 184 2
1 188 4
1 189 4
1 190 4
1 199 3
1 208 3
1 215 3
1 218 3
1 219 3
1 221 3
1 227 3
1 230 2
1 231 3
1 236 4
1 245 3
1 272 2
1 291 3
1 306 3
1 325 1
1 361 1
2 0 3
2 1 1
2 7 1
2 8 4
2 9 2
2 10 5
2 19 2
2 20 4
2 28 3
2 31 2
2 36 3
2 37 1
2 45 1
2 47 1
2 48 3
2 51 1
2 54 2
2 59 1
2 64 3
2 65 1
2 71 1
2 74 2
2 75 1
2 76 3
2 77 3
2 80 3
2 83 1
2 88 2
2 99 3
2 100 1
2 106 2
2 110 1
2 112 2
2 115 2
2 116 1
2 117 1
2 122 4
2 127 1
2 128 2
2 140 2
2 141 2
2 145 1
2 151 1
2 153 1
2 154 1
2 162 1
2 164 3
2 170 1
2 171 1
2 173 2
2 177 2
2 180 1
2 187 1
2 189 1
2 191 1
2 195 1
2 196 1
2 206 2
2 210 1
2 214 1
2 216 1
2 218 1
2 221 1
2 222 2
2 223 1
2 226 1
2 228 1
2 234 1
2 235 1
2 238 1
2 257 1
2 263 1
2 267 1
2 270 1
2 280 1
2 286 1
2 293 1
2 297 1
2 304 1
2 307 1
2 309 1
2 311 1
2 316 1
2 319 1
2 320 1
2 321 1
2 328 1
2 330 1
2 331 1
2 345 1
2 358 1
2 359 1
2 360 1
2 371 1
2 373 1
2 389 1
2 390 1
2 391 1
2 392 1
3 0 4
3 1 4
3 2 5
3 3 5
3 4 4
3 5 3
3 6 5
3 7 3
3 11 3
3 12 5
3 13 4
3 14 3
3 15 5
3 16 4
3 17 5
3 18 5
3 21 5
3 22 3
3 23 5
3 24 5
3 25 5
3 27 5
3 28 3
3 29 5
3 34 2
3 35 4
3 38 4
3 39 5
3 43 5
3 49 5
3 50 4
3 58 3
3 62 4
3 63 3
3 66 5
3 67 5
3 69 5
3 70 4
3 72 3
3 78 5
3 79 3
3 82 4
3 86 5
3 90 1
3 93 5
3 94 2
3 101 3
3 102 4
3 103 3
3 108 4
3 109 3
3 111 5
3 113 4
3 121 4
3 125 1
3 126 4
3 127 5
3 128 2
3 132 5
3 135 5
3 139 5
3 147 4
3 148 3
3 149 3
3 151 4
3 160 4
3 163 3
3 172 2
3 178 4
3 181 5
3 186 1
3 188 4
3 197 5
3 207 4
3 208 4
3 240 2
3 245 4
3 253 5
3 258 1
3 262 1
3 268 2
3 269 5
3 281 4
3 326 4
3 338 4
3 368 4
3 385 1
4 0 4
4 2 5
4 3 4
4 4 4
4 6 3
4 8 4
4 11 5
4 14 2
4 15 5
4 17 4
4 20 4
4 21 4
4 22 3
4 23 5
4 26 2
4 28 2
4 29 4
4 31 2
4 38 3
4 40 5
4 41 3
4 42 3
4 45 3
4 51 3
4 52 2
4 57 5
4 59 1
4 60 3
4 62 3
4 64 4
4 65 3
4 66 4
4 68 3
4 70 3
4 72 3
4 79 3
4 80 3
4 83 3
4 84 4
4 85 3
4 88 2
4 89 1
4 90 4
4 94 3
4 100 4
4 101 5
4 105 2
4 107 2
4 108 3
4 115 3
4 122 1
4 124 4
4 128 3
4 144 3
4 152 4
4 153 2
4 154 3
4 155 3
4 158 3
4 160 3
4 164 3
4 172 3
4 177 1
4 183 3
4 196 1
4 199 4
4 216 3
4 217 2
4 221 3
4 256 1
4 317 3
5 0 3
5 1 3
5 2 4
5 4 5
5 6 5
5 8 4
5 10 4
5 11 5
5 12 5
5 14 5
5 16 5
5 19 4
5 21 4
5 23 3
5 24 5
5 25 5
5 28 2
5 29 5
5 33 5
5 34 5
5 35 5
5 38 4
5 39 3
5 40 5
5 42 3
5 43 4
5 45 3
5 49 5
5 50 3
5 56 4
5 59 1
5 62 4
5 65 4
5 66 5
5 68 5
5 71 3
5 73 4
5 74 4
5 80 4
5 83 1
5 86 4
5 87 4
5 91 4
5 93 5
5 94 4
5 100 4
5 101 5
5 102 4
5 111 5
5 112 4
5 113 4
5 114 4
5 117 1
5 120 4
5 121 4
5 122 2
5 123 4
5 126 3
5 128 3
5 130 4
5 132 1
5 135 5
5 136 4
5 144 5
5 157 3
5 164 4
5 178 4
5 186 4
5 202 4
5 205 4
5 221 4
5 227 4
5 243 4
5 265 3
5 306 5
5 327 3
6 0 4
6 1 5
6 2 3
6 3 3
6 5 3
6 6 5
6 9 3
6 10 2
6 11 5
6 14 4
6 15 4
6 16 5
6 17 5
6 19 3
6 21 3
6 28 3
6 29 3
6 30 4
6 32 3
6 33 2
6 37 4
6 41 4
6 42 3
6 44 2
6 49 4
6 52 3
6 54 2
6 55 3
6 57 5
6 63 3
6 70 4
6 72 3
6 73 3
6 74 3
6 76 4
6 78 3
6 80 3
6 82 2
6 85 4
6 90 1
6 93 4
6 94 4
6 100 4
6 101 5
6 111 3
6 113 5
6 124 3
6 134 2
6 138 3
6 140 2
6 148 3
6 160 2
6 168 3
6 176 3
6 183 3
6 194 3
6 202 3
6 217 4
6 220 3
6 237 4
6 247 2
6 253 2
6 256 3
6 262 2
6 266 3
6 268 1
6 281 1
6 315 2
6 332 2
6 380 3
7 0 2
7 1 4
7 2 3
7 3 5
7 4 2
7 5 2
7 6 4
7 8 4
7 9 4
7 10 2
7 11 4
7 12 2
7 15 4
7 16 3
7 17 3
7 22 1
7 23 2
7 24 4
7 25 3
7 27 4
7 28 3
7 31 1
7 33 3
7 34 4
7 35 4
7 38 5
7 39 3
7 40 1
7 42 3
7 43 4
7 45 1
7 50 4
7 56 3
7 57 4
7 59 1
7 61 1
7 63 3
7 68 3
7 70 3
7 74 3
7 78 3
7 80 2
7 90 3
7 91 4
7 92 3
7 93 3
7 95 4
7 102 4
7 113 3
7 116 3
7 119 3
7 120 1
7 136 3
7 144 3
7 147 1
7 152 3
7 157 4
7 163 4
7 165 3
7 175 1
7 176 3
7 187 1
7 190 3
7 192 1
7 194 3
7 201 2
7 204 2
7 209 3
7 213 4
7 236 4
7 270 2
8 0 4
8 2 5
8 3 5
8 4 2
8 5 3
8 8 5
8 9 3
8 10 1
8 11 4
8 14 5
8 15 5
8 16 5
8 17 3
8 20 5
8 21 4
8 22 4
8 23 4
8 28 4
8 31 4
8 32 4
8 33 1
8 40 5
8 41 4
8 42 5
8 44 1
8 45 5
8 46 5
8 47 3
8 48 5
8 51 5
8 53 4
8 57 4
8 61 5
8 62 4
8 63 5
8 64 4
8 67 4
8 70 1
8 74 5
8 75 5
8 78 5
8 79 3
8 82 3
8 83 2
8 97 2
8 98 3
8 100 5
8 101 4
8 109 3
8 119 2
8 128 2
8 129 5
8 135 5
8 140 5
8 152 3
8 155 4
8 160 3
8 168 5
8 173 4
8 187 3
8 198 3
8 232 3
8 239 1
8 252 1
8 284 4
8 348 5
8 370 1
9 0 4
9 1 5
9 2 4
9 4 5
9 5 4
9 8 5
9 9 5
9 10 5
9 11 5
9 12 4
9 15 4
9 16 4
9 19 2
9 21 5
9 22 4
9 24 5
9 25 5
9 27 4
9 29 3
9 31 4
9 33 5
9 34 4
9 35 5
9 36 3
9 37 3
9 42 4
9 43 5
9 45 2
9 46 5
9 47 5
9 49 4
9 50 4
9 56 3
9 58 4
9 64 4
9 65 5
9 66 3
9 67 5
9 73 4
9 81 4
9 85 3
9 90 4
9 93 5
9 99 4
9 103 4
9 106 3
9 110 4
9 113 5
9 118 4
9 126 3
9 133 4
9 138 4
9 176 4
9 181 4
9 182 3
9 188 4
9 190 4
9 197 3
9 227 3
9 279 4
9 290 4
10 2 3
10 6 3
10 8 3
10 9 4
10 11 3
10 12 2
10 14 3
10 16 4
10 17 2
10 20 3
10 21 3
10 22 5
10 23 3
10 27 3
10 28 3
10 31 2
10 32 2
10 38 3
10 42 3
10 51 2
10 55 5
10 57 3
10 61 3
10 62 4
10 63 3
10 64 3
10 77 3
10 80 2
10 82 3
10 83 2
10 87 2
10 88 2
10 89 4
10 92 3
10 93 3
10 99 5
10 100 2
10 107 4
10 108 3
10 119 3
10 129 3
10 132 4
10 141 3
10 147 3
10 148 3
10 150 3
10 158 3
10 160 1
10 167 3
10 168 3
10 174 4
10 178 4
10 180 3
10 183 4
10 192 3
10 201 2
10 207 3
10 218 4
10 222 3
10 239 2
10 247 3
10 248 3
10 268 2
10 379 3
11 0 3
11 2 2
11 3 3
11 4 5
11 5 4
11 6 5
11 8 3
11 9 5
11 10 3
11 11 4
11 12 4
11 14 3
11 15 4
11 16 3
11 17 3
11 20 2
11 21 3
11 22 2
11 23 3
11 25 3
11 26 4
11 28 4
11 30 1
11 31 2
11 36 2
11 40 4
11 41 2
11 46 3
11 47 5
11 56 2
11 61 4
11 65 4
11 70 2
11 72 3
11 79 3
11 81 2
11 82 3
11 84 4
11 85 1
11 86 5
11 87 5
11 93 2
11 94 2
11 100 4
11 101 2
11 102 2
11 104 3
11 111 1
11 119 2
11 121 2
11 125 1
11 134 2
11 160 4
11 162 4
11 165 4
11 168 4
11 177 3
11 179 5
11 188 3
11 192 2
11 209 4
11 217 2
11 229 1
11 240 3
11 245 1
11 254 4
11 281 1
12 2 2
12 3 3
12 4 3
12 6 5
12 10 2
12 12 5
12 14 2
12 15 5
12 16 5
12 17 3
12 18 4
12 20 3
12 21 4
12 22 3
12 23 4
12 25 4
12 27 3
12 29 3
12 34 3
12 38 4
12 39 3
12 40 3
12 41 3
12 50 3
12 52 2
12 55 3
12 56 2
12 58 2
12 62 2
12 63 2
12 67 5
12 68 2
12 69 3
12 72 1
12 73 4
12 74 3
12 77 3
12 78 3
12 79 3
12 89 1
12 90 1
12 91 4
12 92 4
12 95 5
12 97 2
12 101 1
12 103 3
12 126 3
12 130 3
12 147 3
12 153 1
12 169 3
12 190 3
12 237 2
12 243 3
12 250 3
12 255 2
12 322 2
12 347 2
13 1 1
13 2 5
13 3 3
13 4 5
13 5 4
13 6 5
13 8 1
13 10 2
13 11 4
13 12 5
13 13 5
13 15 3
13 16 5
13 17 4
13 18 4
13 19 5
13 21 4
13 22 4
13 23 3
13 25 5
13 29 5
13 30 4
13 33 3
13 34 2
13 39 4
13 42 4
13 43 4
13 44 2
13 45 2
13 52 2
13 55 5
13 60 3
13 63 5
13 64 3
13 67 4
13 70 2
13 73 1
13 77 1
13 80 4
13 83 3
13 86 4
13 88 1
13 89 2
13 99 1
13 100 4
13 105 3
13 117 1
13 121 3
13 122 3
13 125 4
13 134 3
13 139 5
13 140 3
13 153 2
13 167 4
13 168 3
13 180 2
13 183 5
13 191 3
13 229 1
13 248 3
13 250 1
13 260 2
13 271 1
14 0 2
14 1 4
14 3 4
14 6 3
14 7 4
14 9 5
14 10 3
14 11 4
14 12 4
14 14 4
14 15 3
14 17 4
14 20 2
14 21 4
14 23 5
14 24 5
14 27 4
14 29 5
14 33 3
14 35 5
14 38 5
14 39 5
14 40 3
14 46 4
14 49 5
14 56 5
14 57 5
14 61 4
14 65 4
14 66 4
14 68 5
14 69 5
14 73 5
14 78 5
14 86 4
14 92 5
14 95 5
14 102 5
14 103 5
14 123 5
14 126 5
14 129 5
14 133 5
14 138 5
14 139 5
14 146 3
14 157 5
14 182 5
14 188 5
14 199 5
14 226 2
14 250 3
14 277 2
14 281 2
14 286 4
14 415 1
15 0 5
15 1 5
15 3 4
15 5 4
15 8 4
15 9 4
15 11 5
15 12 5
15 13 4
15 14 4
15 16 4
15 17 2
15 18 4
15 20 3
15 21 5
15 23 4
15 24 3
15 26 3
15 28 3
15 35 3
15 37 4
15 38 1
15 39 5
15 40 2
15 41 3
15 42 5
15 43 4
15 46 4
15 48 3
15 49 5
15 57 4
15 61 4
15 62 5
15 64 4
15 67 5
15 68 3
15 72 3
15 75 4
15 78 4
15 79 3
15 81 4
15 92 2
15 95 5
15 96 5
15 97 3
15 106 3
15 120 4
15 121 4
15 123 3
15 128 3
15 149 3
15 168 4
15 179 2
15 181 3
15 203 4
15 243 3
15 261 4
15 274 4
15 342 2
16 0 4
16 2 4
16 4 5
16 5 3
16 6 5
16 10 4
16 11 4
16 12 3
16 14 4
16 17 4
16 18 4
16 23 4
16 27 4
16 28 3
16 29 3
16 30 3
16 33 2
16 38 3
16 40 3
16 41 4
16 42 3
16 54 4
16 55 3
16 63 4
16 64 3
16 72 2
16 79 3
16 83 2
16 88 1
16 97 2
16 109 3
16 116 4
16 121 2
16 137 4
16 148 3
16 149 3
16 155 2
16 167 2
16 168 3
16 172 2
16 198 2
16 209 3
16 217 2
16 240 2
16 252 2
16 258 1
16 268 3
16 271 3
16 298 4
17 0 5
17 2 4
17 3 4
17 4 5
17 5 5
17 6 5
17 8 5
17 10 4
17 12 5
17 13 5
17 14 5
17 15 5
17 16 5
17 18 5
17 20 4
17 21 5
17 22 5
17 27 5
17 28 3
17 31 3
17 33 3
17 39 4
17 40 5
17 41 4
17 44 3
17 45 4
17 50 3
17 52 3
17 55 3
17 57 5
17 59 2
17 61 5
17 63 3
17 66 5
17 69 4
17 77 4
17 78 5
17 79 4
17 81 4
17 84 4
17 88 2
17 91 4
17 100 5
17 101 4
17 108 3
17 121 3
17 125 3
17 129 4
17 136 4
17 153 2
17 154 4
17 174 4
17 177 3
17 196 1
17 260 3
18 1 3
18 4 4
18 5 3
18 7 4
18 8 2
18 9 4
18 11 4
18 12 5
18 13 5
18 15 4
18 17 4
18 18 4
18 19 3
18 20 3
18 22 4
18 23 4
18 24 5
18 25 4
18 26 4
18 28 4
18 30 4
18 31 4
18 32 1
18 35 3
18 36 5
18 39 4
18 42 5
18 45 4
18 51 4
18 52 3
18 60 3
18 61 4
18 62 5
18 63 4
18 71 4
18 75 4
18 83 4
18 84 4
18 93 3
18 97 3
18 98 4
18 112 2
18 119 4
18 124 5
18 136 4
18 143 3
18 155 3
18 164 3
18 168 4
18 173 3
18 202 3
18 217 3
18 284 4
18 294 3
19 2 5
19 4 4
19 5 4
19 6 4
19 10 4
19 11 3
19 14 5
19 17 4
19 18 2
19 22 5
19 27 2
19 29 5
19 31 3
19 32 3
19 33 2
19 34 5
19 36 4
19 38 5
19 39 5
19 43 4
19 49 5
19 56 5
19 58 5
19 62 3
19 66 5
19 67 4
19 68 5
19 73 5
19 77 3
19 78 4
19 88 2
19 93 4
19 95 3
19 103 3
19 106 2
19 109 4
19 118 5
19 123 5
19 126 4
19 133 5
19 139 3
19 149 3
19 197 4
19 227 4
19 230 2
20 1 2
20 2 3
20 4 4
20 6 4
20 11 2
20 12 3
20 13 5
20 14 3
20 15 5
20 16 3
20 17 5
20 18 2
20 21 3
20 22 5
20 23 3
20 25 3
20 33 4
20 34 4
20 35 4
20 36 1
20 38 3
20 40 3
20 41 2
20 50 4
20 56 4
20 60 5
20 70 3
20 73 5
20 78 4
20 88 3
20 90 3
20 101 1
20 106 3
20 108 5
20 110 5
20 123 4
20 125 1
20 131 3
20 135 1
20 137 5
20 148 3
20 151 2
20 152 4
20 156 5
20 158 4
20 169 3
20 182 4
20 200 4
20 211 1
20 220 5
20 227 4
20 241 3
20 292 4
21 1 2
21 2 5
21 3 4
21 4 4
21 8 3
21 10 3
21 11 4
21 12 5
21 15 1
21 16 3
21 19 2
21 21 5
21 29 3
21 33 4
21 34 4
21 38 3
21 39 4
21 43 5
21 44 3
21 49 4
21 51 3
21 52 3
21 55 2
21 56 1
21 59 2
21 63 4
21 64 3
21 67 5
21 68 3
21 72 3
21 73 5
21 77 2
21 79 4
21 88 1
21 89 2
21 93 4
21 99 3
21 108 1
21 115 4
21 132 2
21 153 1
21 159 3
21 176 4
21 241 2
22 2 4
22 8 4
22 11 3
22 12 4
22 14 4
22 15 3
22 16 3
22 17 3
22 19 4
22 20 4
22 22 4
22 23 5
22 29 4
22 34 4
22 39 5
22 41 4
22 43 4
22 44 4
22 53 4
22 55 4
22 56 4
22 68 4
22 72 4
22 77 4
22 79 4
22 81 4
22 90 4
22 92 4
22 93 4
22 107 4
22 115 4
22 120 3
22 128 4
22 135 4
22 137 4
22 148 3
22 161 4
22 164 4
22 177 3
22 178 4
22 183 2
22 186 2
22 203 5
22 205 3
22 231 4
22 239 3
22 258 3
22 269 3
22 279 4
22 282 3
22 295 2
22 364 3
23 0 4
23 1 5
23 2 3
23 3 4
23 5 3
23 7 3
23 8 4
23 9 4
23 10 2
23 26 2
23 31 3
23 32 4
23 33 4
23 36 3
23 46 4
23 48 4
23 50 4
23 53 3
23 58 4
23 60 3
23 61 3
23 65 4
23 66 5
23 69 4
23 75 4
23 82 3
23 87 4
23 91 4
23 96 3
23 98 3
23 102 4
23 104 3
23 107 3
23 110 4
23 112 4
23 114 4
23 116 4
23 127 3
23 128 3
23 138 5
23 140 3
23 142 4
23 143 4
23 144 4
23 145 3
23 156 3
23 165 4
23 171 3
23 179 3
23 190 3
23 193 4
23 199 5
23 246 3
23 261 3
23 267 3
23 311 4
23 313 3
24 0 4
24 4 4
24 5 5
24 6 5
24 12 4
24 13 4
24 19 4
24 21 5
24 22 5
24 23 3
24 29 3
24 36 5
24 38 4
24 39 3
24 41 3
24 48 4
24 49 3
24 55 3
24 56 4
24 59 4
24 63 4
24 65 3
24 76 5
24 78 3
24 81 3
24 83 4
24 91 3
24 98 2
24 99 3
24 100 3
24 105 5
24 117 4
24 119 4
24 122 3
24 124 3
24 131 5
24 133 3
24 134 3
24 140 4
24 172 2
24 191 4
24 209 4
24 210 2
24 214 3
24 225 5
24 237 1
24 244 4
24 263 4
24 287 3
24 335 3
24 350 2
25 0 4
25 2 4
25 3 4
25 4 5
25 5 4
25 6 5
25 10 5
25 11 5
25 12 4
25 14 5
25 15 4
25 16 5
25 17 3
25 18 4
25 19 4
25 21 4
25 23 5
25 24 4
25 25 4
25 27 4
25 29 3
25 30 4
25 31 4
25 37 4
25 38 5
25 42 3
25 45 3
25 47 4
25 60 3
25 77 1
25 80 4
25 83 3
25 87 2
25 94 4
25 99 5
25 100 5
25 124 5
25 129 5
25 130 4
25 140 3
25 150 5
25 154 3
25 165 3
25 213 4
25 223 3
25 229 2
25 283 4
26 1 3
26 4 5
26 7 5
26 10 4
26 13 5
26 14 1
26 15 4
26 16 5
26 18 3
26 23 5
26 24 4
26 25 4
26 29 4
26 34 4
26 35 3
26 38 5
26 40 3
26 41 4
26 42 4
26 47 4
26 56 4
26 58 4
26 67 4
26 77 4
26 78 3
26 81 4
26 93 4
26 108 4
26 109 4
26 115 2
26 118 4
26 126 3
26 136 5
26 148 3
26 172 1
26 185 3
26 200 3
26 218 4
26 227 1
26 231 4
26 263 3
26 336 2
27 0 5
27 1 2
27 2 4
27 5 4
27 6 4
27 10 1
27 11 5
27 12 4
27 14 5
27 18 5
27 20 4
27 21 5
27 22 3
27 23 3
27 28 4
27 38 3
27 39 4
27 41 4
27 42 5
27 44 3
27 47 5
27 55 3
27 60 1
27 63 3
27 64 3
27 88 1
27 89 3
27 96 1
27 97 4
27 98 5
27 109 4
27 152 5
27 154 2
27 158 5
27 166 3
27 168 2
27 175 4
27 256 4
27 301 2
27 333 4
27 347 5
28 0 4
28 2 4
28 3 4
28 4 4
28 5 3
28 6 5
28 7 3
28 11 4
28 12 4
28 15 5
28 16 4
28 17 4
28 18 3
28 21 3
28 24 4
28 27 4
28 29 4
28 30 4
28 34 4
28 38 4
28 40 4
28 41 2
28 42 3
28 46 4
28 49 4
28 52 3
28 55 4
28 56 4
28 57 4
28 60 2
28 64 4
28 68 3
28 70 4
28 78 4
28 105 2
28 111 3
28 120 2
28 121 3
28 133 3
28 139 2
28 146 3
28 163 4
28 166 2
28 205 3
28 254 3
29 3 3
29 4 4
29 5 2
29 6 5
29 11 3
29 14 2
29 15 3
29 16 3
29 17 4
29 18 3
29 21 2
29 23 2
29 25 4
29 27 3
29 29 4
29 30 4
29 38 4
29 41 3
29 46 4
29 54 2
29 55 2
29 59 2
29 60 2
29 63 2
29 73 2
29 83 2
29 86 4
29 94 3
29 100 2
29 101 1
29 105 2
29 111 3
29 119 2
29 121 2
29 125 2
29 147 2
29 148 2
29 164 2
29 168 2
29 204 2
29 237 1
29 239 2
29 252 1
29 274 3
30 0 5
30 2 4
30 3 4
30 4 4
30 6 5
30 8 4
30 9 4
30 13 4
30 14 4
30 15 2
30 16 3
30 17 5
30 18 4
30 19 3
30 22 4
30 23 4
30 26 3
30 27 2
30 28 3
30 29 5
30 30 2
30 31 5
30 36 2
30 38 3
30 39 4
30 41 4
30 44 3
30 46 4
30 49 5
30 50 4
30 56 4
30 61 4
30 64 3
30 70 2
30 71 4
30 76 4
30 77 2
30 79 3
30 81 4
30 83 2
30 89 2
30 114 1
30 119 4
30 120 4
30 124 3
30 132 4
30 135 3
30 142 5
30 147 3
31 0 4
31 1 1
31 2 1
31 3 4
31 5 4
31 7 4
31 8 5
31 9 3
31 10 3
31 11 3
31 13 4
31 15 5
31 16 3
31 17 4
31 18 3
31 20 2
31 26 4
31 27 4
31 28 2
31 30 4
31 33 3
31 34 4
31 44 2
31 47 3
31 49 3
31 52 2
31 54 2
31 56 4
31 64 2
31 69 4
31 74 2
31 76 2
31 77 1
31 82 1
31 85 3
31 87 4
31 99 4
31 100 3
31 102 4
31 103 4
31 106 2
31 115 2
31 116 3
31 118 4
31 122 4
31 123 4
31 133 5
31 143 3
31 146 3
31 164 3
31 182 3
31 214 2
31 267 2
31 298 3
32 2 4
32 4 5
32 6 3
32 10 2
32 11 4
32 12 4
32 13 3
32 14 4
32 15 1
32 18 4
32 20 3
32 28 4
32 36 3
32 38 5
32 39 4
32 40 2
32 42 3
32 47 2
32 51 2
32 56 3
32 61 4
32 62 4
32 63 2
32 66 4
32 74 3
32 76 4
32 79 3
32 81 3
32 91 3
32 92 3
32 93 4
32 97 3
32 99 4
32 112 3
32 118 4
32 120 3
32 152 2
32 161 2
32 251 1
32 255 3
32 289 2
32 317 2
33 2 5
33 4 5
33 5 4
33 10 4
33 14 5
33 16 5
33 17 5
33 19 3
33 24 4
33 25 5
33 29 5
33 40 3
33 42 5
33 43 5
33 44 4
33 45 4
33 55 4
33 56 4
33 63 5
33 71 4
33 72 3
33 83 4
33 94 2
33 108 2
33 115 3
33 131 4
33 139 5
33 143 4
33 144 3
33 149 3
33 166 2
33 172 4
33 175 4
33 198 3
33 212 2
33 237 3
33 266 3
33 282 2
34 2 5
34 3 4
34 4 3
34 5 4
34 8 4
34 10 5
34 14 5
34 19 5
34 21 4
34 28 4
34 31 4
34 42 5
34 50 5
34 52 4
34 59 4
34 76 5
34 77 4
34 79 5
34 98 5
34 105 3
34 115 4
34 118 5
34 122 3
34 128 4
34 137 5
34 140 3
34 154 2
34 155 3
34 158 4
34 159 4
34 164 4
34 173 4
34 175 3
34 177 3
34 196 1
34 198 4
34 212 5
34 216 3
34 222 5
34 233 3
35 0 2
35 2 4
35 3 3
35 4 5
35 5 2
35 7 4
35 9 5
35 11 3
35 14 3
35 18 4
35 19 2
35 25 3
35 26 5
35 28 1
35 30 4
35 32 4
35 37 1
35 42 2
35 48 1
35 53 3
35 62 2
35 63 4
35 67 3
35 70 1
35 86 4
35 94 3
35 96 2
35 100 2
35 102 3
35 125 3
35 127 4
35 140 1
35 154 1
35 155 1
35 166 3
35 176 4
35 204 3
35 235 2
35 240 3
35 252 3
35 259 4
35 262 3
35 332 3
35 406 2
36 1 1
36 2 4
36 4 4
36 5 4
36 6 5
36 11 4
36 12 4
36 14 4
36 15 4
36 17 4
36 18 4
36 21 4
36 22 1
36 23 1
36 27 4
36 30 4
36 36 4
36 39 2
36 43 5
36 49 5
36 54 1
36 58 4
36 62 3
36 63 3
36 69 4
36 79 3
36 82 3
36 94 4
36 102 3
36 103 3
36 111 4
36 143 3
36 156 4
36 179 3
36 222 1
36 228 3
37 8 4
37 9 4
37 11 4
37 12 4
37 15 3
37 17 3
37 18 4
37 21 4
37 27 3
37 33 3
37 35 4
37 43 4
37 45 3
37 50 4
37 60 2
37 61 4
37 63 3
37 66 5
37 69 3
37 73 4
37 85 4
37 90 4
37 97 2
37 113 4
37 130 4
37 134 3
37 144 2
37 146 4
37 163 4
37 193 4
37 199 4
37 219 3
37 223 2
37 233 3
37 277 5
37 299 3
37 332 2
38 2 4
38 4 5
38 6 5
38 10 3
38 14 2
38 21 4
38 27 4
38 28 2
38 29 4
38 38 3
38 39 3
38 40 5
38 41 3
38 44 3
38 45 1
38 55 2
38 57 5
38 87 4
38 88 1
38 97 1
38 105 2
38 111 2
38 115 2
38 124 3
38 125 1
38 131 1
38 140 1
38 149 1
38 166 3
38 168 2
38 175 1
38 186 5
38 192 3
38 196 1
38 201 3
38 229 4
38 247 1
38 297 1
39 2 4
39 3 3
39 4 3
39 7 4
39 14 4
39 16 3
39 17 4
39 18 4
39 22 5
39 27 5
39 33 4
39 34 5
39 41 3
39 43 4
39 46 3
39 49 3
39 50 5
39 56 5
39 63 4
39 67 3
39 74 3
39 78 3
39 81 3
39 92 4
39 93 3
39 95 5
39 97 3
39 103 4
39 121 2
39 123 5
39 136 4
39 139 4
39 158 3
39 161 3
39 215 3
40 2 5
40 3 2
40 5 3
40 6 5
40 10 4
40 11 5
40 12 5
40 14 4
40 16 4
40 21 5
40 22 3
40 23 5
40 24 4
40 29 4
40 39 4
40 41 4
40 42 4
40 45 3
40 51 3
40 52 4
40 61 4
40 62 5
40 63 3
40 70 5
40 71 5
40 73 5
40 77 4
40 79 4
40 92 1
40 97 4
40 115 5
40 119 3
40 128 4
40 132 4
40 167 4
40 231 4
40 256 4
40 257 3
40 268 3
40 314 4
41 2 3
41 3 5
41 11 5
41 12 4
41 14 4
41 15 4
41 16 5
41 17 5
41 18 5
41 28 3
41 35 4
41 40 5
41 42 4
41 45 4
41 49 5
41 52 3
41 63 3
41 70 4
41 72 3
41 79 3
41 83 2
41 92 4
41 119 4
41 125 4
41 160 3
41 183 2
42 0 2
42 2 4
42 5 4
42 6 5
42 12 5
42 13 5
42 14 5
42 15 4
42 20 3
42 21 5
42 23 4
42 24 5
42 31 3
42 32 4
42 38 2
42 40 4
42 41 1
42 42 4
42 48 3
42 50 5
42 51 4
42 56 3
42 57 5
42 58 3
42 66 4
42 76 3
42 79 2
42 98 1
42 99 3
42 112 2
42 118 5
42 120 1
42 122 1
42 132 4
42 144 3
42 152 5
42 178 4
42 203 3
42 230 3
42 339 5
43 1 4
43 2 1
43 3 4
43 8 5
43 9 5
43 10 1
43 12 3
43 15 4
43 18 4
43 20 2
43 22 4
43 24 4
43 25 4
43 29 4
43 30 1
43 31 4
43 33 4
43 36 5
43 40 4
43 45 1
43 50 5
43 65 4
43 66 4
43 69 4
43 74 3
43 91 4
43 102 4
43 113 4
43 142 5
43 171 3
43 174 1
44 0 2
44 1 5
44 2 4
44 3 5
44 4 4
44 7 3
44 8 4
44 10 5
44 13 5
44 14 2
44 18 4
44 19 4
44 20 5
44 28 4
44 30 2
44 32 4
44 42 4
44 43 5
44 45 1
44 46 5
44 50 4
44 53 5
44 58 5
44 71 3
44 72 5
44 74 4
44 79 4
44 91 3
44 93 5
44 96 4
44 99 4
44 100 3
44 105 3
44 114 4
44 128 3
44 131 2
44 137 5
44 140 3
44 141 4
44 167 3
44 210 3
44 218 4
44 222 3
44 233 4
44 238 3
44 272 5
45 1 5
45 7 5
45 8 5
45 12 5
45 14 1
45 15 5
45 19 1
45 22 5
45 31 4
45 32 5
45 33 3
45 40 5
45 46 5
45 51 1
45 52 4
45 74 5
45 78 5
45 88 1
45 98 5
45 104 5
45 106 4
45 108 1
45 110 4
45 119 4
45 120 5
45 132 4
45 137 5
45 153 1
45 164 5
45 167 1
45 169 3
45 172 1
45 183 1
45 196 1
45 200 2
45 202 4
45 261 4
45 278 1
46 1 4
46 2 3
46 4 5
46 5 5
46 6 3
46 7 2
46 10 4
46 14 4
46 17 5
46 18 4
46 24 4
46 25 4
46 27 4
46 29 5
46 33 5
46 34 5
46 38 5
46 43 4
46 44 3
46 46 4
46 49 3
46 50 3
46 55 4
46 57 5
46 58 4
46 66 4
46 72 4
46 73 5
46 77 2
46 78 3
46 90 4
46 93 4
46 95 4
46 125 3
46 126 5
46 131 4
46 135 2
46 139 4
46 158 4
46 194 4
46 197 4
46 205 3
46 207 3
46 209 4
47 0 1
47 2 5
47 5 5
47 8 2
47 10 2
47 12 5
47 22 5
47 23 5
47 24 5
47 28 5
47 33 1
47 38 5
47 45 4
47 51 5
47 52 5
47 59 1
47 80 5
47 84 1
47 88 5
47 119 5
47 124 5
47 131 4
47 173 4
47 180 5
47 203 5
47 239 4
47 244 3
47 260 5
47 263 3
47 265 5
47 270 5
48 4 4
48 5 4
48 8 3
48 12 4
48 16 5
48 20 5
48 24 4
48 31 2
48 41 2
48 51 4
48 52 2
48 63 3
48 72 1
48 80 5
48 88 2
48 100 3
48 108 1
48 121 2
48 134 2
48 135 4
48 148 1
48 149 1
48 158 3
48 166 3
48 176 5
48 192 4
48 198 4
49 0 5
49 2 2
49 3 4
49 4 4
49 5 4
49 6 4
49 12 3
49 14 4
49 17 3
49 18 4
49 21 3
49 22 3
49 23 4
49 26 3
49 27 3
49 30 4
49 37 3
49 38 3
49 40 4
49 42 4
49 54 3
49 62 3
49 63 3
49 85 3
49 92 4
49 100 3
49 111 4
49 119 2
49 121 3
49 131 2
49 140 3
49 149 3
49 166 3
49 168 4
49 192 3
49 253 3
50 0 4
50 1 5
50 2 3
50 8 3
50 9 5
50 11 3
50 12 4
50 15 3
50 16 3
50 21 3
50 23 4
50 25 3
50 29 2
50 32 3
50 34 2
50 35 4
50 42 3
50 43 3
50 46 4
50 49 4
50 50 4
50 58 2
50 62 2
50 63 1
50 70 2
50 72 3
50 73 4
50 81 3
50 129 2
50 148 1
50 149 3
50 185 3
50 197 2
50 227 4
51 0 5
51 1 3
51 2 2
51 3 2
51 4 5
51 11 4
51 15 4
51 17 5
51 33 4
51 38 4
51 61 5
51 69 4
51 70 3
51 82 2
51 87 5
51 90 2
51 91 3
51 97 1
51 102 4
51 110 2
51 125 3
51 129 4
51 166 2
51 168 1
51 183 4
51 186 2
51 194 3
51 219 3
51 220 3
51 251 2
51 296 3
52 0 4
52 1 1
52 4 5
52 5 3
52 7 2
52 11 3
52 12 4
52 16 3
52 21 3
52 22 4
52 23 3
52 25 3
52 38 2
52 39 5
52 43 4
52 49 4
52 52 2
52 55 3
52 59 2
52 62 4
52 63 3
52 68 3
52 77 3
52 78 3
52 81 3
52 132 4
52 147 3
52 172 1
52 178 4
52 180 3
52 200 2
52 207 3
52 237 4
52 265 3
52 348 4
53 0 4
53 3 5
53 4 5
53 8 3
53 10 4
53 14 3
53 15 4
53 16 4
53 18 4
53 20 4
53 22 2
53 24 3
53 41 3
53 42 3
53 45 4
53 51 4
53 55 4
53 57 4
53 69 4
53 88 2
53 92 5
53 108 3
53 129 4
53 131 2
53 153 3
53 160 2
53 183 3
53 217 2
53 235 1
54 3 4
54 6 4
54 8 4
54 9 4
54 11 5
54 24 3
54 26 4
54 35 4
54 39 4
54 43 4
54 57 4
54 68 4
54 86 4
54 87 4
54 93 5
54 101 4
54 102 5
54 113 4
54 123 4
54 133 4
54 181 5
54 188 5
54 208 4
54 293 3
55 2 2
55 3 4
55 4 3
55 8 3
55 10 4
55 11 2
55 16 2
55 18 4
55 20 4
55 22 4
55 24 4
55 35 4
55 38 4
55 41 3
55 42 3
55 43 3
55 64 3
55 67 2
55 68 5
55 69 3
55 72 2
55 78 3
55 92 3
55 93 2
55 126 4
55 135 3
55 161 2
55 203 3
55 247 2
56 4 5
56 5 2
56 11 4
56 12 5
56 14 4
56 17 3
56 18 3
56 21 4
56 22 5
56 23 5
56 25 3
56 26 3
56 29 3
56 38 5
56 39 3
56 41 4
56 43 3
56 49 4
56 52 3
56 59 3
56 67 3
56 72 1
56 78 3
56 79 3
56 83 3
56 86 4
56 100 3
56 105 3
56 119 4
56 124 4
56 148 2
56 151 2
56 168 4
56 169 2
56 180 3
57 2 4
57 4 4
57 5 3
57 6 5
57 11 5
57 12 4
57 14 4
57 15 5
57 16 5
57 18 5
57 20 3
57 21 4
57 28 2
57 29 5
57 30 4
57 40 4
57 41 4
57 44 4
57 51 3
57 54 3
57 63 4
57 70 5
57 72 3
57 80 4
57 97 2
57 109 5
57 111 4
57 134 4
57 160 3
57 175 1
57 183 3
57 239 4
57 363 4
58 2 2
58 4 4
58 5 1
58 6 5
58 8 4
58 11 2
58 14 1
58 15 2
58 16 4
58 17 4
58 23 1
58 24 4
58 30 4
58 31 4
58 39 4
58 45 4
58 51 5
58 52 2
58 62 4
58 68 4
58 77 1
58 80 1
58 81 3
58 94 5
58 132 1
58 207 2
58 234 1
58 265 4
59 1 5
59 4 5
59 5 5
59 14 4
59 17 5
59 22 5
59 23 5
59 24 5
59 29 5
59 31 5
59 36 5
59 38 4
59 39 5
59 51 5
59 52 4
59 55 4
59 58 5
59 71 5
59 77 4
59 81 5
59 114 4
59 119 4
59 124 4
59 177 4
60 0 5
60 3 3
60 4 4
60 5 3
60 6 5
60 10 3
60 11 3
60 14 4
60 15 2
60 17 4
60 18 4
60 23 4
60 33 3
60 35 3
60 39 3
60 44 1
60 45 1
60 51 1
60 56 3
60 73 2
60 77 1
60 80 3
60 83 1
60 84 1
60 89 1
60 122 4
60 137 3
60 156 4
60 192 2
60 305 2
61 2 2
61 4 5
61 5 3
61 11 5
61 14 3
61 16 4
61 17 3
61 18 4
61 40 4
61 42 3
61 45 4
61 47 4
61 63 2
61 70 3
61 72 2
61 79 3
61 80 3
61 108 2
61 121 2
61 166 3
61 222 1
61 237 3
62 0 3
62 1 5
62 2 4
62 3 4
62 5 2
62 7 4
62 8 4
62 10 4
62 13 4
62 19 3
62 20 2
62 30 5
62 32 4
62 33 4
62 45 3
62 54 4
62 60 5
62 65 4
62 71 2
62 76 3
62 80 3
62 83 4
62 87 5
62 100 4
62 104 3
62 107 3
62 116 5
62 140 2
62 143 2
62 184 5
62 211 5
62 223 4
63 0 3
63 1 3
63 2 4
63 4 3
63 5 3
63 9 4
63 12 3
63 14 4
63 15 4
63 16 4
63 17 4
63 18 5
63 21 4
63 26 3
63 27 5
63 39 5
63 40 4
63 47 4
63 48 2
63 56 4
63 60 4
63 68 4
63 78 3
63 84 4
63 112 3
63 131 3
63 138 3
63 144 3
63 165 3
63 167 3
63 194 4
63 251 4
64 2 4
64 3 3
64 4 5
64 5 3
64 6 4
64 11 4
64 12 5
64 18 3
64 28 4
64 41 3
64 63 3
64 70 5
64 92 4
64 121 3
64 125 3
64 129 4
64 154 4
64 155 3
64 166 4
64 186 2
64 187 5
65 0 5
65 2 3
65 4 5
65 5 4
65 6 4
65 10 3
65 12 3
65 13 1
65 15 4
65 20 3
65 21 3
65 37 3
65 40 4
65 45 5
65 46 4
65 51 5
65 54 2
65 65 2
65 76 2
65 94 3
65 104 2
65 112 4
65 115 2
65 128 4
65 136 4
65 140 3
65 153 3
65 155 4
65 195 4
66 2 2
66 4 4
66 6 4
66 15 4
66 16 4
66 21 4
66 23 3
66 24 5
66 25 4
66 29 4
66 33 4
66 38 5
66 42 4
66 44 4
66 45 4
66 46 4
66 47 2
66 51 4
66 55 3
66 60 4
66 71 2
66 92 4
66 108 3
66 109 3
66 129 3
66 187 4
67 0 4
67 6 1
67 12 4
67 15 3
67 32 3
67 37 4
67 41 4
67 42 4
67 46 4
67 55 4
67 79 4
67 90 1
67 96 3
67 108 3
67 121 4
67 150 3
67 175 3
67 183 3
67 198 2
67 266 2
67 283 2
68 2 4
68 4 5
68 6 4
68 9 5
68 10 4
68 12 4
68 15 3
68 16 4
68 17 5
68 25 4
68 34 5
68 42 3
68 46 5
68 51 2
68 52 3
68 55 4
68 59 2
68 83 2
68 84 4
69 2 4
69 5 3
69 10 3
69 13 4
69 15 3
69 16 4
69 17 5
69 20 3
69 29 2
69 31 4
69 33 3
69 45 3
69 51 3
69 74 5
69 83 1
69 84 5
69 108 1
69 112 4
69 129 3
69 137 2
69 166 3
69 167 1
69 172 1
69 173 2
69 196 1
69 237 1
69 254 2
69 295 2
70 4 3
70 6 4
70 7 3
70 9 4
70 13 3
70 15 4
70 24 5
70 27 5
70 29 5
70 30 2
70 32 3
70 33 3
70 56 4
70 58 4
70 60 3
70 61 4
70 69 4
70 92 3
70 102 4
70 127 3
70 130 5
70 170 2
70 179 2
70 185 4
70 211 5
71 0 4
71 4 5
71 6 5
71 11 3
71 14 3
71 17 4
71 22 4
71 24 5
71 26 3
71 38 5
71 40 4
71 41 3
71 44 1
71 55 3
71 60 3
71 63 3
71 70 3
71 72 4
71 87 5
71 119 3
71 120 3
71 125 3
71 134 3
71 217 2
72 3 3
72 5 3
72 6 5
72 8 4
72 12 4
72 17 4
72 18 5
72 20 4
72 43 5
72 47 4
72 50 4
72 56 4
72 57 5
72 60 3
72 66 5
72 82 3
72 85 3
72 86 5
72 87 5
72 95 5
72 126 5
72 143 3
72 165 4
72 188 4
73 8 2
73 12 4
73 15 4
73 18 4
73 19 2
73 23 5
73 26 4
73 27 5
73 32 4
73 35 5
73 57 4
73 65 4
73 75 3
73 85 4
73 117 1
73 124 5
73 223 3
73 302 5
74 0 3
74 1 5
74 2 2
74 6 5
74 7 4
74 11 4
74 12 3
74 13 4
74 15 4
74 16 3
74 25 5
74 32 3
74 36 4
74 41 3
74 42 4
74 47 2
74 49 4
74 50 4
74 56 5
74 58 5
74 61 5
74 66 5
74 68 4
74 74 2
74 90 5
74 113 5
74 136 3
74 139 4
74 146 4
74 157 4
74 158 3
74 206 2
74 236 4
75 3 3
75 5 3
75 8 3
75 9 5
75 17 3
75 20 4
75 27 4
75 30 4
75 33 4
75 34 4
75 45 4
75 51 4
75 58 4
75 61 5
75 74 3
75 94 5
75 100 2
75 101 3
75 102 5
75 103 4
75 126 5
75 152 4
75 182 4
76 0 4
76 1 1
76 9 3
76 11 5
76 21 5
76 25 5
76 26 2
76 32 2
76 37 3
76 42 4
76 48 3
76 62 3
76 63 2
76 66 3
76 72 5
76 97 2
76 149 4
76 198 3
76 204 4
76 361 1
77 0 3
77 2 2
77 3 4
77 4 5
77 6 4
77 9 4
77 11 4
77 15 3
77 17 4
77 18 5
77 26 2
77 27 5
77 32 4
77 47 4
77 54 2
77 59 1
77 70 3
77 87 4
77 92 4
77 96 3
77 127 3
77 150 4
78 2 4
78 3 3
78 4 5
78 6 3
78 12 4
78 13 4
78 14 4
78 15 3
78 20 3
78 21 4
78 23 4
78 28 4
78 33 2
78 39 4
78 44 3
78 50 4
78 52 3
78 57 3
78 61 4
78 71 3
78 84 3
78 89 2
78 122 3
78 128 3
78 147 3
79 0 5
79 1 3
79 2 1
79 4 5
79 6 5
79 7 4
79 12 3
79 14 4
79 17 5
79 21 3
79 22 3
79 23 5
79 27 4
79 41 2
79 52 4
79 55 3
79 63 3
79 69 3
79 72 4
79 108 1
79 111 3
79 117 1
79 125 4
80 1 3
80 2 4
80 7 5
80 8 5
80 13 5
80 14 4
80 22 4
80 25 5
80 39 5
80 49 5
80 57 4
80 68 5
80 93 5
80 101 2
80 120 5
80 138 4
80 150 4
80 174 5
80 199 5
81 6 5
81 9 5
81 27 5
81 46 5
81 47 4
81 60 4
81 63 3
81 73 5
81 83 3
81 87 5
81 92 5
81 94 4
81 96 4
81 97 3
81 140 3
81 165 3
81 175 3
82 4 3
82 10 2
82 17 3
82 19 4
82 20 3
82 23 3
82 28 4
82 30 1
82 53 3
82 58 2
82 59 2
82 71 3
82 76 3
82 82 2
82 88 1
82 89 4
82 98 2
82 101 1
82 105 3
82 115 3
82 128 5
82 143 4
82 216 4
82 283 3
83 0 5
83 2 4
83 3 5
83 5 3
83 10 5
83 19 4
83 20 5
83 28 4
83 30 4
83 52 4
83 60 2
83 71 5
83 76 4
83 77 3
83 83 4
83 85 3
83 100 4
83 105 4
83 106 4
83 115 5
83 143 5
83 167 2
83 170 1
83 187 1
83 226 4
83 228 1
84 0 5
84 1 3
84 3 4
84 4 4
84 6 4
84 7 4
84 8 3
84 15 4
84 17 2
84 24 5
84 26 2
84 46 4
84 47 3
84 53 3
84 54 1
84 65 2
84 82 1
84 130 4
84 151 3
85 4 5
85 6 4
85 11 3
85 14 3
85 21 5
85 23 4
85 24 5
85 25 5
85 35 5
85 38 3
85 41 4
85 49 5
85 53 4
85 62 4
85 77 3
85 89 1
85 95 4
85 106 2
85 109 3
85 208 4
85 215 5
85 235 1
85 242 4
86 3 4
86 12 5
86 15 4
86 20 3
86 24 3
86 34 5
86 38 1
86 69 5
86 70 4
86 71 3
86 95 5
86 121 3
86 125 2
86 157 5
86 163 5
86 186 2
86 229 2
86 240 1
86 258 2
86 269 2
86 290 2
87 1 4
87 7 4
87 9 4
87 13 3
87 26 2
87 32 5
87 36 3
87 50 3
87 58 2
87 61 4
87 65 4
87 66 3
87 75 4
87 91 3
87 101 2
87 116 5
87 138 3
87 144 2
87 145 1
87 152 3
87 162 3
87 174 3
87 179 1
87 219 3
87 226 3
87 245 2
87 313 3
87 384 4
88 3 5
88 16 5
88 25 4
88 32 2
88 35 5
88 43 5
88 54 2
88 57 4
88 68 5
88 92 4
88 110 4
88 127 3
88 259 4
89 24 5
89 25 3
89 29 4
89 35 5
89 38 3
89 39 5
89 43 5
89 56 5
89 68 4
89 95 4
89 123 5
89 126 5
89 133 4
89 157 4
89 188 4
89 242 3
89 265 4
89 290 4
90 13 5
90 15 5
90 17 5
90 21 5
90 24 5
90 25 4
90 34 3
90 35 5
90 43 4
90 50 3
90 58 5
90 67 5
90 93 4
90 95 5
90 103 5
90 118 5
90 157 5
90 181 4
90 199 5
91 9 3
91 37 4
91 48 4
91 54 1
91 59 4
91 75 5
91 82 3
91 117 2
91 127 3
91 145 4
91 151 1
91 170 2
91 171 3
91 189 1
91 191 1
91 228 4
91 234 3
91 238 4
91 246 1
91 280 3
91 304 1
91 331 1
92 1 5
92 3 3
92 19 3
92 26 3
92 30 5
92 37 3
92 54 2
92 70 3
92 83 2
92 87 5
92 94 4
92 107 3
92 177 2
92 186 3
92 240 2
92 254 3
92 288 4
93 0 3
93 3 5
93 4 5
93 8 5
93 11 3
93 16 5
93 27 5
93 30 4
93 35 5
93 47 5
93 48 5
93 49 4
93 107 4
93 157 5
93 277 5
94 1 3
94 4 4
94 6 4
94 7 3
94 13 2
94 25 4
94 27 5
94 30 4
94 34 4
94 46 5
94 48 4
94 61 4
94 87 3
94 91 5
94 102 4
94 133 4
94 197 3
94 213 5
95 0 1
95 2 2
95 5 3
95 7 1
95 9 3
95 23 5
95 30 1
95 42 4
95 59 2
95 64 4
95 75 3
95 77 4
95 89 2
95 96 4
95 107 2
95 128 3
95 159 3
95 171 4
96 4 4
96 7 4
96 11 5
96 14 5
96 21 3
96 25 5
96 42 4
96 62 5
96 63 4
96 72 4
96 97 3
96 134 3
96 149 4
96 166 3
96 175 2
96 244 2
96 252 3
97 2 2
97 6 4
97 7 4
97 11 4
97 14 3
97 16 3
97 17 3
97 18 3
97 27 4
97 33 4
97 57 4
97 91 4
97 111 5
97 139 4
97 157 5
98 0 4
98 9 3
98 37 4
98 54 1
98 75 3
98 82 3
98 151 1
98 170 1
98 189 1
98 232 1
98 264 1
99 6 5
99 15 3
99 16 5
99 25 3
99 27 4
99 29 5
99 55 2
99 94 4
99 108 3
99 129 3
99 166 2
100 1 4
100 6 3
100 10 3
100 12 4
100 13 3
100 25 4
100 33 4
100 34 4
100 36 3
100 50 5
100 57 4
100 61 4
100 65 4
100 69 4
100 77 3
100 78 4
100 81 4
100 98 1
100 110 5
100 141 4
100 267 5
100 292 3
101 0 4
101 1 2
101 9 2
101 11 5
101 13 4
101 26 4
101 32 3
101 37 4
101 41 3
101 48 4
101 50 4
101 62 4
101 91 4
101 101 2
101 120 5
101 144 4
101 152 4
101 245 4
102 1 4
102 13 4
102 32 2
102 36 4
102 50 5
102 58 5
102 65 3
102 66 4
102 69 4
102 87 2
102 90 5
102 91 3
102 101 2
102 116 3
102 138 5
102 162 2
102 190 3
102 194 2
102 213 4
102 219 3
102 245 4
102 285 5
102 367 4
103 0 5
103 2 4
103 3 4
103 6 4
103 10 5
103 11 4
103 14 4
103 15 4
103 16 4
103 21 4
103 22 3
103 24 4
103 29 4
103 33 4
103 35 4
103 38 2
103 39 3
103 67 3
103 103 4
103 215 4
103 242 4
104 0 1
104 4 1
104 5 3
104 11 4
104 14 5
104 18 4
104 28 4
104 42 5
104 63 2
104 97 3
104 100 3
104 134 4
104 140 2
104 210 3
105 4 1
105 6 1
105 8 4
105 13 5
105 19 1
105 21 3
105 24 5
105 25 2
105 36 5
105 43 3
105 58 5
105 61 5
105 66 5
105 78 3
105 116 5
105 118 3
105 137 5
105 138 5
105 219 4
106 3 2
106 4 4
106 8 3
106 12 4
106 13 4
106 17 5
106 24 5
106 26 1
106 35 5
106 39 4
106 41 5
106 46 4
106 56 3
106 75 3
106 78 5
106 81 2
106 130 3
107 0 5
107 3 3
107 6 5
107 7 3
107 10 4
107 14 3
107 15 3
107 16 3
107 17 4
107 34 3
107 37 3
107 40 3
107 67 4
107 75 3
108 8 3
108 10 5
108 31 4
108 33 4
108 45 3
108 51 1
108 52 3
108 71 5
108 87 5
108 88 1
108 89 2
108 98 4
108 99 3
108 106 5
108 142 5
108 177 4
108 216 3
109 1 4
109 6 5
109 14 5
109 17 4
109 18 5
109 22 5
109 25 4
109 34 1
109 35 4
109 38 5
109 39 2
109 41 5
109 42 4
109 66 4
109 97 4
109 150 1
110 3 4
110 8 4
110 50 4
110 86 4
110 87 2
110 102 3
110 126 4
110 138 3
110 219 3
111 1 4
111 3 4
111 7 5
111 27 4
111 39 3
111 56 2
111 57 4
111 66 3
111 93 2
111 102 4
111 110 4
111 114 4
111 144 3
111 188 3
111 199 3
111 223 1
111 234 5
111 248 3
112 0 4
112 2 4
112 3 1
112 5 4
112 8 1
112 10 5
112 13 3
112 20 5
112 28 3
112 44 1
112 51 2
112 64 4
112 71 5
112 77 5
112 84 5
112 98 4
112 99 2
112 105 3
112 115 4
112 173 4
113 0 3
113 1 4
113 3 3
113 8 3
113 9 4
113 13 3
113 30 2
113 33 3
113 36 3
113 104 4
113 110 4
113 142 3
113 162 4
113 211 3
113 221 4
113 224 3
114 2 1
114 3 2
114 24 4
114 31 2
114 41 4
114 45 1
114 57 5
114 64 3
114 67 5
114 69 2
114 122 5
114 131 1
114 153 1
114 224 3
115 0 4
115 1 5
115 8 5
115 20 5
115 28 4
115 32 5
115 36 3
115 47 4
115 48 4
115 51 5
115 53 4
115 140 4
115 164 5
115 170 5
116 0 4
116 2 4
116 3 4
116 5 4
116 9 4
116 10 4
116 28 2
116 30 4
116 32 4
116 44 5
116 84 2
116 89 3
116 105 1
116 107 3
116 128 3
116 140 3
117 0 4
117 2 2
117 3 3
117 8 3
117 9 4
117 34 4
117 82 2
117 110 5
117 111 2
117 116 5
117 156 3
117 163 4
117 286 4
118 0 5
118 7 3
118 8 5
118 9 5
118 19 3
118 20 4
118 32 4
118 53 3
118 96 4
118 99 4
118 106 3
118 182 4
118 238 4
118 300 3
119 0 3
119 1 4
119 13 4
119 17 4
119 24 4
119 30 3
119 31 3
119 33 4
119 45 3
119 53 3
119 56 4
119 65 4
119 66 4
119 69 5
119 90 4
119 101 3
119 194 2
120 2 5
120 6 5
120 12 3
120 17 1
120 40 5
120 42 5
120 58 5
120 74 4
120 94 2
120 137 1
120 159 2
121 8 5
121 12 5
121 29 4
121 30 3
121 32 5
121 60 5
121 64 5
121 83 4
121 94 5
121 192 3
122 1 5
122 2 2
122 4 5
122 6 5
122 12 5
122 17 2
122 57 5
122 60 3
122 62 3
122 64 4
122 67 4
123 0 3
123 4 3
123 9 4
123 21 3
123 27 3
123 29 2
123 56 4
123 58 5
123 60 1
123 66 5
123 95 4
123 156 4
124 0 4
124 1 3
124 7 4
124 9 4
124 19 3
124 26 3
124 37 3
124 48 4
124 53 3
124 96 3
124 145 3
124 179 4
124 300 2
124 388 3
125 0 3
125 1 4
125 2 4
125 4 5
125 5 5
125 18 4
125 19 2
125 44 3
125 45 4
125 76 3
125 80 3
125 84 3
125 88 3
125 89 3
125 122 3
126 3 4
126 5 4
126 10 4
126 19 5
126 44 4
126 52 4
126 59 3
126 64 4
126 77 3
126 80 5
126 83 3
126 88 2
126 115 4
126 140 4
126 180 3
126 196 3
127 0 4
127 2 5
127 5 5
127 7 2
127 9 5
127 26 5
127 28 5
127 30 5
127 46 5
127 48 4
127 53 4
127 96 5
127 140 5
127 154 5
127 210 5
128 0 3
128 2 3
128 5 3
128 50 4
128 65 3
128 110 3
128 165 4
128 174 5
128 184 5
129 1 3
129 4 3
129 6 5
129 7 5
129 23 5
129 24 5
129 25 4
129 43 5
129 68 3
129 188 4
130 3 5
130 6 3
130 11 4
130 15 4
130 17 4
130 21 5
130 25 3
130 34 4
130 66 4
130 247 5
131 0 4
131 1 4
131 7 5
131 13 4
131 15 3
131 17 5
131 32 2
131 39 4
131 61 4
131 95 5
131 101 2
131 116 5
131 118 3
132 1 4
132 4 3
132 13 2
132 16 3
132 17 4
132 34 3
132 43 3
132 50 3
132 64 4
132 81 3
132 90 3
132 138 5
132 231 1
133 1 5
133 8 5
133 22 5
133 24 3
133 33 3
133 34 5
133 35 3
133 38 5
133 61 3
133 118 3
133 123 3
133 142 4
134 0 4
134 1 4
134 3 4
134 7 5
134 8 3
134 10 3
134 13 3
134 19 2
134 20 4
134 33 2
134 37 4
134 46 5
134 47 5
134 74 4
134 145 4
135 0 2
135 1 2
135 3 2
135 8 4
135 10 2
135 34 3
135 47 2
135 61 4
135 68 3
136 1 5
136 3 3
136 7 3
136 8 4
136 10 4
136 13 4
136 36 2
136 48 4
136 75 3
136 84 2
136 114 3
136 141 4
136 202 3
137 0 3
137 2 3
137 3 4
137 7 5
137 9 3
137 10 4
137 21 3
137 26 3
137 32 4
137 33 5
137 35 4
137 37 4
137 45 4
137 47 4
137 60 4
138 1 4
138 15 5
138 22 3
138 101 5
138 126 4
138 150 4
139 16 5
139 21 5
139 27 1
139 72 3
139 109 4
140 2 5
140 4 5
140 6 5
140 14 5
140 17 4
140 25 4
140 29 5
140 35 5
140 56 5
140 73 2
140 78 3
141 0 4
141 1 5
141 3 3
141 7 4
141 8 4
141 9 2
141 10 3
141 13 5
141 26 4
141 31 4
141 36 5
141 37 3
141 48 4
141 193 4
142 3 3
142 5 3
142 10 3
142 19 3
142 28 3
142 30 4
142 54 3
142 82 3
142 83 3
142 93 4
142 105 3
142 140 2
142 167 3
143 2 3
143 4 3
143 16 3
143 18 2
143 19 4
143 22 3
143 28 3
143 29 2
143 51 1
143 55 2
143 89 2
144 8 4
144 11 3
144 15 4
144 49 4
144 56 3
144 113 5
144 163 4
145 1 4
145 2 4
145 8 2
145 15 5
145 19 3
145 22 5
145 24 5
145 34 2
145 43 4
145 49 4
145 50 3
145 54 3
146 7 5
146 8 5
146 12 5
146 13 4
146 15 3
146 16 4
146 24 5
146 25 3
146 36 4
146 46 4
146 68 3
146 118 5
147 1 5
147 2 4
147 28 3
147 61 4
147 65 3
147 71 5
147 98 3
147 99 5
147 115 4
147 128 3
147 218 5
148 0 4
148 3 2
148 19 3
148 20 5
148 31 4
148 45 4
148 76 3
148 115 3
149 0 4
149 1 4
149 8 3
149 10 3
149 13 4
149 30 2
149 33 4
149 36 5
149 77 3
149 83 1
149 98 2
149 114 2
149 116 4
149 122 4
150 0 4
150 1 2
150 2 4
150 13 5
150 16 3
150 17 3
150 25 5
150 36 4
150 64 3
150 68 3
150 76 2
151 0 4
151 1 1
151 7 4
151 9 4
151 19 3
151 48 5
151 53 4
151 59 3
151 75 3
151 96 2
151 117 3
151 151 4
151 300 3
152 1 4
152 4 5
152 6 3
152 9 4
152 19 2
152 24 5
152 32 5
152 39 5
152 59 1
152 67 5
152 103 5
152 113 4
152 133 5
153 3 3
153 19 3
153 20 1
153 26 3
153 30 4
153 36 5
153 47 5
153 76 4
153 124 3
154 0 2
154 1 3
154 32 1
154 53 5
154 59 3
154 96 4
154 127 1
155 2 4
155 3 3
155 10 4
155 12 4
155 18 3
155 28 4
155 29 3
155 54 3
155 84 4
155 131 3
155 176 4
156 1 5
156 7 4
156 9 5
156 32 5
156 46 5
156 145 4
156 179 5
156 189 4
157 3 4
157 5 4
157 8 3
157 30 4
157 60 4
157 71 3
158 2 4
158 5 4
158 10 4
158 19 3
158 20 5
158 28 3
158 45 3
158 71 5
159 0 4
159 3 4
159 7 5
159 8 5
159 19 3
159 59 1
159 65 5
159 110 4
159 117 1
159 141 3
160 15 4
160 29 4
160 44 4
160 51 3
160 52 3
160 60 3
160 71 4
160 84 1
160 88 4
160 195 4
160 216 2
161 6 2
161 10 4
161 17 5
161 32 3
161 44 4
161 55 3
161 65 3
161 73 5
161 74 3
161 156 4
162 1 3
162 7 5
162 13 4
162 15 5
162 34 5
162 47 4
162 60 3
162 65 5
162 110 4
162 142 5
162 193 5
162 245 4
163 1 4
163 9 3
163 17 4
163 20 3
163 27 4
163 34 4
163 138 5
164 2 3
164 3 5
164 7 4
164 8 4
164 10 4
164 22 4
164 76 3
165 8 4
165 35 5
165 50 4
165 95 4
165 150 3
165 181 4
166 0 5
166 7 3
166 13 5
166 28 4
166 31 2
166 36 4
166 228 3
167 9 4
167 34 5
167 49 4
167 56 5
167 68 5
167 102 5
167 133 5
167 145 2
168 3 5
168 8 3
168 13 3
168 19 3
168 25 4
168 29 3
168 51 3
168 76 3
168 100 4
169 0 3
169 1 2
169 7 1
169 9 3
169 26 2
169 32 2
169 54 3
169 59 2
169 246 1
170 10 5
170 13 5
170 20 4
170 76 5
170 164 4
170 173 5
171 0 5
171 1 3
171 7 4
171 8 5
171 9 5
171 37 3
172 0 5
172 1 5
172 2 1
172 3 3
172 5 3
172 10 4
172 13 5
172 44 1
172 51 1
172 52 4
172 83 1
172 115 3
173 0 3
173 1 4
173 24 5
173 50 4
173 57 1
173 61 5
173 69 5
173 104 2
173 156 4
173 414 5
174 11 5
174 12 4
174 16 4
174 34 5
174 46 3
174 59 1
174 204 3
175 0 4
175 6 5
175 19 2
175 26 4
175 54 3
176 0 4
176 26 4
176 37 4
176 53 1
176 56 4
176 117 1
177 0 5
177 9 5
177 19 4
177 26 4
177 37 4
177 46 5
177 53 4
177 75 5
177 82 4
177 104 4
177 179 3
178 0 2
178 7 4
178 9 5
178 34 3
178 47 5
179 103 5
180 0 5
180 1 4
180 8 5
180 9 5
180 13 5
180 33 2
180 36 4
180 48 3
180 75 2
180 234 2
181 0 3
181 1 4
181 26 3
181 37 3
181 53 2
181 75 3
181 96 2
181 104 2
182 2 4
182 3 5
182 5 5
182 88 1
182 140 3
183 1 4
183 7 4
183 32 4
183 46 1
183 54 1
183 104 3
184 9 5
184 19 5
184 54 1
184 104 5
185 0 4
185 1 3
185 26 5
185 75 3
185 82 4
185 127 3
185 170 4
185 171 1
186 0 4
186 1 3
186 7 4
186 9 4
186 26 3
186 32 4
186 46 5
186 75 5
186 357 5
187 7 3
187 13 5
187 31 4
187 52 4
187 77 2
187 98 2
187 122 2
188 8 3
188 26 4
188 37 3
188 48 4
188 53 4
188 54 3
188 59 3
189 0 4
189 1 3
189 7 4
189 9 4
189 32 3
189 37 2
189 46 4
189 48 3
189 53 4
190 0 2
190 1 4
190 7 5
190 19 3
190 32 2
190 48 4
190 104 2
191 3 4
192 0 3
192 1 3
192 7 5
192 9 4
192 37 3
192 48 3
192 54 2
192 75 3
193 9 4
193 32 4
193 46 5
193 50 5
193 179 3
194 1 5
194 2 4
194 5 3
194 19 3
194 105 4
194 107 3
195 3 3
195 8 3
195 10 3
195 13 5
195 35 4
195 59 2
195 83 2
195 99 5
195 103 4
195 191 2
196 7 5
196 9 5
196 32 5
196 46 3
196 145 4
196 179 4
196 204 3
197 19 3
197 26 5
197 37 1
197 48 5
197 53 4
197 75 3
198 0 2
198 1 3
198 7 4
198 46 3
198 59 2
198 60 2
198 107 3
199 0 5
199 20 3
199 30 3
199 31 3
199 33 4
199 84 4
