0 0 5
0 1 2
0 2 1
0 3 5
0 4 3
0 5 4
0 7 4
0 8 5
0 9 4
0 11 3
0 13 5
0 14 3
0 15 4
0 16 3
0 17 3
0 18 4
0 20 1
0 21 3
0 22 3
0 23 1
0 24 5
0 25 2
0 27 4
0 28 4
0 31 4
0 33 3
0 37 4
0 38 5
0 40 4
0 41 3
0 43 4
0 45 5
0 50 4
0 52 5
0 53 3
0 54 3
0 58 3
0 60 4
0 63 2
0 64 1
0 66 1
0 67 1
0 69 2
0 70 3
0 71 3
0 74 3
0 75 5
0 85 1
0 87 3
0 88 4
0 89 3
0 90 3
0 92 2
0 97 3
0 100 4
0 101 2
0 103 4
0 104 3
0 105 5
0 107 4
0 109 3
0 112 5
0 113 2
0 120 4
0 123 1
0 125 1
0 126 3
0 127 3
0 129 5
0 130 3
0 134 4
0 135 1
0 136 3
0 137 3
0 138 1
0 140 4
0 141 4
0 142 1
0 144 1
0 145 1
0 146 4
0 148 3
0 151 1
0 152 2
0 155 3
0 157 4
0 158 1
0 160 2
0 161 2
0 163 3
0 164 4
0 167 1
0 170 1
0 172 1
0 178 4
0 181 2
0 185 3
0 186 5
0 188 4
0 189 3
0 196 1
0 198 5
0 207 2
0 208 1
0 215 1
0 220 3
0 224 4
0 225 5
0 229 2
0 232 1
0 233 1
0 235 5
0 236 1
0 240 4
0 241 5
0 242 4
0 248 2
0 250 1
0 254 3
0 258 4
0 259 3
0 263 3
0 264 3
0 289 4
0 290 1
0 291 2
0 315 1
0 316 1
0 340 5
0 354 3
0 369 1
0 386 5
1 0 4
1 1 1
1 2 1
1 3 5
1 4 2
1 6 2
1 8 2
1 9 2
1 10 3
1 11 3
1 12 3
1 13 3
1 14 4
1 15 2
1 16 4
1 17 4
1 18 3
1 20 3
1 23 3
1 24 1
1 27 4
1 28 4
1 29 4
1 30 4
1 31 5
1 32 2
1 33 2
1 35 4
1 37 4
1 44 1
1 45 4
1 47 2
1 50 2
1 52 3
1 53 1
1 55 4
1 59 4
1 60 1
1 66 3
1 67 2
1 68 3
1 69 3
1 72 3
1 75 2
1 77 3
1 79 4
1 83 3
1 84 1
1 91 3
1 93 3
1 94 4
1 95 4
1 97 3
1 98 1
1 100 3
1 101 3
1 104 3
1 107 3
1 109 3
1 111 3
1 112 3
1 116 4
1 117 3
1 118 2
1 121 4
1 122 4
1 124 3
1 126 4
1 128 3
1 134 4
1 141 4
1 148 2
1 149 4
1 159 4
1 162 3
1 163 3
1 169 2
1 170 4
1 172 1
1 173 3
1 175 2
1 184 3
1 191 4
1 192 3
1 196 1
1 206 1
1 210 2
1 213 2
1 224 3
1 226 3
1 236 1
1 243 1
1 272 1
1 279 3
1 282 3
1 297 3
2 1 2
2 2 3
2 4 2
2 6 2
2 7 1
2 10 3
2 13 3
2 17 2
2 22 1
2 25 1
2 32 4
2 42 3
2 45 2
2 47 1
2 48 1
2 51 1
2 53 2
2 54 2
2 60 1
2 62 2
2 63 2
2 64 1
2 72 1
2 75 1
2 76 1
2 78 2
2 84 4
2 94 2
2 98 2
2 102 2
2 105 1
2 110 1
2 114 2
2 119 3
2 129 1
2 131 2
2 133 2
2 136 1
2 142 2
2 147 2
2 148 1
2 152 1
2 158 1
2 160 1
2 161 1
2 162 1
2 165 1
2 168 2
2 170 1
2 176 1
2 177 1
2 179 1
2 184 3
2 189 1
2 194 1
2 203 1
2 210 1
2 211 1
2 217 2
2 221 1
2 223 1
2 230 1
2 235 1
2 266 1
2 269 1
2 270 1
2 276 1
2 279 1
2 284 1
2 286 1
2 289 1
2 306 1
2 310 1
2 311 1
2 320 1
2 321 1
2 327 1
2 329 1
2 330 1
2 331 1
2 345 1
2 358 1
2 360 1
2 372 1
2 373 1
2 374 1
2 389 1
2 390 1
2 391 1
2 392 1
3 1 1
3 2 4
3 3 5
3 6 4
3 8 5
3 12 5
3 14 5
3 16 1
3 20 3
3 22 3
3 23 4
3 26 4
3 27 4
3 28 5
3 29 3
3 31 5
3 35 4
3 36 3
3 38 5
3 40 3
3 42 3
3 43 5
3 45 5
3 49 5
3 50 4
3 53 3
3 55 5
3 56 5
3 57 5
3 58 4
3 59 5
3 61 4
3 64 1
3 66 5
3 73 4
3 74 5
3 77 5
3 79 5
3 81 3
3 85 5
3 86 4
3 89 5
3 90 4
3 94 4
3 95 3
3 96 4
3 99 4
3 101 3
3 103 5
3 106 3
3 114 4
3 117 5
3 121 5
3 126 3
3 130 5
3 135 4
3 139 3
3 143 4
3 144 2
3 151 2
3 153 4
3 154 2
3 157 5
3 163 4
3 167 4
3 172 3
3 178 4
3 181 4
3 188 5
3 191 5
3 200 4
3 204 3
3 205 3
3 208 3
3 225 4
3 269 5
3 338 5
4 0 5
4 4 4
4 7 3
4 9 3
4 10 3
4 11 3
4 13 3
4 17 5
4 19 4
4 22 4
4 23 4
4 24 3
4 25 3
4 26 4
4 29 4
4 31 4
4 32 4
4 33 2
4 36 4
4 37 4
4 38 4
4 40 3
4 41 3
4 42 4
4 44 2
4 49 4
4 53 3
4 56 3
4 59 4
4 60 3
4 61 3
4 62 2
4 63 3
4 68 2
4 70 3
4 76 4
4 78 3
4 83 4
4 86 3
4 87 3
4 89 2
4 95 3
4 96 3
4 97 4
4 102 4
4 105 2
4 108 3
4 114 3
4 115 3
4 116 4
4 119 2
4 120 3
4 124 5
4 133 3
4 135 3
4 143 3
4 154 4
4 164 2
4 165 2
4 166 4
4 168 3
4 173 5
4 174 3
4 179 2
4 201 2
4 215 1
4 217 2
4 218 3
4 219 3
4 247 3
4 248 1
4 249 3
5 3 5
5 6 5
5 8 5
5 9 4
5 10 5
5 11 4
5 12 5
5 13 4
5 14 5
5 15 5
5 16 3
5 18 4
5 20 5
5 21 5
5 22 2
5 24 2
5 25 1
5 27 5
5 28 5
5 31 5
5 32 1
5 34 4
5 35 5
5 37 4
5 41 4
5 44 4
5 45 4
5 47 3
5 48 2
5 49 4
5 50 5
5 52 5
5 55 4
5 56 5
5 57 3
5 58 2
5 59 5
5 60 4
5 61 2
5 63 2
5 65 3
5 66 2
5 68 1
5 69 5
5 71 5
5 73 3
5 79 3
5 80 5
5 83 4
5 85 4
5 87 4
5 88 3
5 93 4
5 94 4
5 95 5
5 99 2
5 100 5
5 101 3
5 104 5
5 106 4
5 107 5
5 108 4
5 112 3
5 116 3
5 117 3
5 121 4
5 124 4
5 126 3
5 134 4
5 140 4
5 149 4
5 158 2
5 168 4
5 169 2
5 172 3
5 173 5
5 188 3
5 193 2
5 200 4
5 223 5
5 284 5
6 0 3
6 1 4
6 3 5
6 6 5
6 7 4
6 8 4
6 10 5
6 11 3
6 12 4
6 13 3
6 14 5
6 15 4
6 16 4
6 19 4
6 20 5
6 21 2
6 24 5
6 25 2
6 28 4
6 29 4
6 31 4
6 33 4
6 34 4
6 37 3
6 38 4
6 46 4
6 47 2
6 50 3
6 55 4
6 56 4
6 58 3
6 59 3
6 61 4
6 64 3
6 66 3
6 67 2
6 68 3
6 69 3
6 71 5
6 72 3
6 73 3
6 77 5
6 78 2
6 80 3
6 82 3
6 83 2
6 89 3
6 90 4
6 92 3
6 95 5
6 96 3
6 99 4
6 101 4
6 103 4
6 106 2
6 114 2
6 118 3
6 120 3
6 122 4
6 132 3
6 135 3
6 139 3
6 142 3
6 143 2
6 144 3
6 151 2
6 157 4
6 163 4
6 173 4
6 177 3
6 179 2
6 185 4
6 193 4
6 201 2
6 212 3
6 244 2
6 247 3
6 249 4
6 276 1
7 0 3
7 3 5
7 4 3
7 6 2
7 7 2
7 8 2
7 10 3
7 12 3
7 14 3
7 15 3
7 16 4
7 17 3
7 18 3
7 20 4
7 21 3
7 24 2
7 26 3
7 27 4
7 28 4
7 29 3
7 31 5
7 34 4
7 35 4
7 38 4
7 40 3
7 44 2
7 45 4
7 50 1
7 52 3
7 55 4
7 56 1
7 57 3
7 60 1
7 65 3
7 68 3
7 69 3
7 71 3
7 73 2
7 80 3
7 82 3
7 85 4
7 90 3
7 91 3
7 92 1
7 93 4
7 94 3
7 95 3
7 97 3
7 104 3
7 122 3
7 141 4
7 159 4
7 167 2
7 192 3
7 200 3
7 202 1
7 203 3
7 221 4
7 226 3
7 241 3
7 244 3
7 245 3
7 255 3
7 267 1
7 336 3
8 0 2
8 1 4
8 3 5
8 4 5
8 7 4
8 8 1
8 9 5
8 11 5
8 12 4
8 13 5
8 14 5
8 15 5
8 16 4
8 18 5
8 20 5
8 22 4
8 23 5
8 24 5
8 25 1
8 27 5
8 28 5
8 30 5
8 32 2
8 33 4
8 34 5
8 36 5
8 37 5
8 40 5
8 42 5
8 43 5
8 44 4
8 48 3
8 50 5
8 53 5
8 54 4
8 56 5
8 57 5
8 58 2
8 63 1
8 64 5
8 69 5
8 70 1
8 71 5
8 81 5
8 83 1
8 89 2
8 92 5
8 93 2
8 96 1
8 97 4
8 106 5
8 111 4
8 113 3
8 125 4
8 140 2
8 145 4
8 150 3
8 152 3
8 158 3
8 164 1
8 174 2
8 185 4
8 192 4
8 216 2
8 247 1
8 291 3
8 311 1
8 409 1
9 0 5
9 1 3
9 3 5
9 4 4
9 5 4
9 6 3
9 8 5
9 9 4
9 10 5
9 11 4
9 12 5
9 13 4
9 14 5
9 15 5
9 16 4
9 17 4
9 20 5
9 23 3
9 26 5
9 27 5
9 28 5
9 31 5
9 32 3
9 36 3
9 37 4
9 39 4
9 45 5
9 46 4
9 49 5
9 52 4
9 55 5
9 57 5
9 58 3
9 59 4
9 61 3
9 66 4
9 67 3
9 73 4
9 74 5
9 79 4
9 80 5
9 83 4
9 85 4
9 91 3
9 100 3
9 104 5
9 107 3
9 116 5
9 117 4
9 121 4
9 122 4
9 128 4
9 130 4
9 159 4
9 169 4
9 173 5
9 175 4
9 187 3
9 197 3
9 200 4
9 213 4
9 256 4
9 260 3
10 0 3
10 3 3
10 4 2
10 8 3
10 10 5
10 12 3
10 15 4
10 17 5
10 18 2
10 21 2
10 22 3
10 23 3
10 24 3
10 25 4
10 26 2
10 32 3
10 33 5
10 34 4
10 36 3
10 37 3
10 38 3
10 40 2
10 42 3
10 43 3
10 50 3
10 56 3
10 58 3
10 59 3
10 61 3
10 62 4
10 67 2
10 68 2
10 70 2
10 71 5
10 73 3
10 81 3
10 82 2
10 86 3
10 87 2
10 89 3
10 91 3
10 96 3
10 97 3
10 105 2
10 106 3
10 108 4
10 117 3
10 125 3
10 128 3
10 135 2
10 142 2
10 157 1
10 158 1
10 174 3
10 175 2
10 183 2
10 193 3
10 208 3
10 228 3
10 232 3
10 237 3
10 240 3
10 247 3
10 308 1
10 313 3
11 0 5
11 3 5
11 4 5
11 5 5
11 6 4
11 11 3
11 12 3
11 15 2
11 18 3
11 20 5
11 21 2
11 22 3
11 25 5
11 26 3
11 31 5
11 36 4
11 37 3
11 38 4
11 44 3
11 46 5
11 47 1
11 49 4
11 50 4
11 58 2
11 59 5
11 62 3
11 65 4
11 70 3
11 73 4
11 76 5
11 77 4
11 80 4
11 82 2
11 96 1
11 101 4
11 106 3
11 108 2
11 116 3
11 125 5
11 126 1
11 135 2
11 140 4
11 157 4
11 158 1
11 164 3
11 192 2
11 193 4
11 202 3
11 205 1
11 217 3
11 230 2
11 245 1
11 276 2
11 293 1
12 0 3
12 3 5
12 4 3
12 11 3
12 12 3
12 14 4
12 15 3
12 18 1
12 21 2
12 23 3
12 24 3
12 25 2
12 26 3
12 28 4
12 29 4
12 31 4
12 32 2
12 34 3
12 35 3
12 37 4
12 38 3
12 40 1
12 41 3
12 42 3
12 43 3
12 44 3
12 49 3
12 50 3
12 53 2
12 56 2
12 57 3
12 63 1
12 66 3
12 68 3
12 73 1
12 74 4
12 77 2
12 79 5
12 82 2
12 83 3
12 85 4
12 86 2
12 91 3
12 92 2
12 95 2
12 99 3
12 101 3
12 117 3
12 120 2
12 121 3
12 127 4
12 130 3
12 132 2
12 140 4
12 154 2
12 180 3
12 216 2
12 218 2
12 223 3
12 225 2
12 251 3
12 312 2
13 0 5
13 3 1
13 4 2
13 6 2
13 7 3
13 8 4
13 9 4
13 10 1
13 11 4
13 12 5
13 13 5
13 16 2
13 18 5
13 21 5
13 26 2
13 27 5
13 28 4
13 31 4
13 34 1
13 35 4
13 38 5
13 40 4
13 41 3
13 43 4
13 47 3
13 48 2
13 50 4
13 51 5
13 53 3
13 56 2
13 57 3
13 63 2
13 65 3
13 71 4
13 78 1
13 81 4
13 85 1
13 88 3
13 89 4
13 92 4
13 93 2
13 96 4
13 110 3
13 117 3
13 120 4
13 135 2
13 144 3
13 154 3
13 157 3
13 169 4
13 178 3
13 179 1
13 181 2
13 208 1
13 309 4
13 311 2
14 3 5
14 4 2
14 5 5
14 8 5
14 9 3
14 10 4
14 11 2
14 12 5
14 13 4
14 14 5
14 15 5
14 16 4
14 18 4
14 20 5
14 24 3
14 25 5
14 26 5
14 27 5
14 31 5
14 32 4
14 35 5
14 36 2
14 37 3
14 38 3
14 41 3
14 44 3
14 45 5
14 51 4
14 52 5
14 57 5
14 59 5
14 60 5
14 61 5
14 65 3
14 66 5
14 68 5
14 74 4
14 76 5
14 79 5
14 85 3
14 90 4
14 101 3
14 111 3
14 112 5
14 115 5
14 118 3
14 128 5
14 129 5
14 130 5
14 132 4
14 141 5
14 145 3
14 166 4
14 169 3
14 170 4
14 171 4
14 180 2
14 187 4
14 194 3
14 308 1
15 1 3
15 2 5
15 3 4
15 4 4
15 5 4
15 9 5
15 11 3
15 15 3
15 16 4
15 18 3
15 19 4
15 22 3
15 23 3
15 25 3
15 26 3
15 28 4
15 29 5
15 30 5
15 31 4
15 36 3
15 37 4
15 40 3
15 42 3
15 43 3
15 44 3
15 50 3
15 53 4
15 54 3
15 56 3
15 57 4
15 58 3
15 62 3
15 64 2
15 67 3
15 69 2
15 70 3
15 81 3
15 82 3
15 83 2
15 86 3
15 87 3
15 91 4
15 92 3
15 94 4
15 107 3
15 120 3
15 130 3
15 132 3
15 135 3
15 165 3
15 168 3
15 174 3
15 181 3
15 195 3
15 196 2
15 238 3
15 242 2
15 245 3
15 291 3
16 0 5
16 2 3
16 3 4
16 7 4
16 11 3
16 12 2
16 13 4
16 16 4
16 17 4
16 18 3
16 20 3
16 22 4
16 24 4
16 27 3
16 32 3
16 40 2
16 41 4
16 43 3
16 44 4
16 46 4
16 47 3
16 48 4
16 50 4
16 60 4
16 64 4
16 68 2
16 70 3
16 71 5
16 76 4
16 78 1
16 82 3
16 90 2
16 95 3
16 96 2
16 99 3
16 101 3
16 103 3
16 110 2
16 120 2
16 125 4
16 132 3
16 142 3
16 144 2
16 151 4
16 179 3
16 180 2
16 193 4
16 198 3
16 202 3
16 214 5
16 217 2
16 229 1
16 249 3
16 283 2
16 307 1
17 1 2
17 3 4
17 4 4
17 6 5
17 9 5
17 10 4
17 11 5
17 12 5
17 13 3
17 14 5
17 18 5
17 20 4
17 23 4
17 25 3
17 26 4
17 31 5
17 33 5
17 34 4
17 38 5
17 40 4
17 41 4
17 42 4
17 43 3
17 44 4
17 45 5
17 46 4
17 48 3
17 49 5
17 51 4
17 52 5
17 56 4
17 59 4
17 62 4
17 63 2
17 65 4
17 66 4
17 70 3
17 73 4
17 78 2
17 81 4
17 82 4
17 85 4
17 86 4
17 87 4
17 91 3
17 92 4
17 93 3
17 96 3
17 97 4
17 100 5
17 104 5
17 106 4
17 110 3
17 119 3
17 137 5
17 159 4
17 219 4
17 248 2
18 0 5
18 1 2
18 2 5
18 3 4
18 4 4
18 5 5
18 7 4
18 8 4
18 9 5
18 10 5
18 11 4
18 12 4
18 13 4
18 15 5
18 18 5
18 19 3
18 20 5
18 21 4
18 22 3
18 23 4
18 24 5
18 25 1
18 26 5
18 32 4
18 33 4
18 36 5
18 37 5
18 40 4
18 41 4
18 42 4
18 43 4
18 44 4
18 46 4
18 47 4
18 53 3
18 55 4
18 64 1
18 70 3
18 71 3
18 82 5
18 84 3
18 91 3
18 93 3
18 101 3
18 102 2
18 106 5
18 113 4
18 114 2
18 121 4
18 146 4
18 147 2
18 155 3
18 161 2
18 162 4
18 165 2
18 177 4
18 210 2
19 0 5
19 1 4
19 2 5
19 3 5
19 4 4
19 8 4
19 9 5
19 12 5
19 13 4
19 14 5
19 15 4
19 16 4
19 18 4
19 21 4
19 24 4
19 25 2
19 26 5
19 28 5
19 31 5
19 32 5
19 34 4
19 35 4
19 37 5
19 38 5
19 40 3
19 41 4
19 42 3
19 46 4
19 47 3
19 49 4
19 55 4
19 56 2
19 59 3
19 61 4
19 65 4
19 66 5
19 68 5
19 77 4
19 78 2
19 79 5
19 90 4
19 92 2
19 97 4
19 99 5
19 102 3
19 103 4
19 105 2
19 110 2
19 112 3
19 115 3
19 117 4
19 121 4
19 126 4
19 130 4
19 131 4
19 137 4
19 139 3
19 141 5
19 149 4
19 168 3
19 169 4
19 187 5
19 195 3
19 224 3
20 0 5
20 3 4
20 4 1
20 6 5
20 7 4
20 8 5
20 11 5
20 13 3
20 15 3
20 16 3
20 20 1
20 24 4
20 26 3
20 27 5
20 34 1
20 37 4
20 38 4
20 40 3
20 43 1
20 44 3
20 46 2
20 49 4
20 52 5
20 53 1
20 55 4
20 61 3
20 65 5
20 66 4
20 69 4
20 71 4
20 75 5
20 87 3
20 95 1
20 103 3
20 106 4
20 107 5
20 111 2
20 116 3
20 122 4
20 126 2
20 140 3
20 154 3
20 166 4
20 171 3
20 175 4
20 190 5
20 192 4
20 231 5
20 266 4
20 301 3
21 0 3
21 3 1
21 4 5
21 7 3
21 8 4
21 10 3
21 11 4
21 12 3
21 14 5
21 15 3
21 16 2
21 18 3
21 21 4
21 24 4
21 26 3
21 29 4
21 32 3
21 39 3
21 43 3
21 44 4
21 47 4
21 48 1
21 50 3
21 53 3
21 55 4
21 56 2
21 57 4
21 63 4
21 65 2
21 69 4
21 70 3
21 73 4
21 79 4
21 81 1
21 87 4
21 88 4
21 89 3
21 95 4
21 103 3
21 105 1
21 110 3
21 114 4
21 119 3
21 135 4
21 144 2
21 149 4
21 168 2
21 174 3
21 201 1
21 229 2
21 240 2
21 307 1
22 0 3
22 1 2
22 2 4
22 3 3
22 4 4
22 6 4
22 8 4
22 11 4
22 12 3
22 14 4
22 15 4
22 19 4
22 28 4
22 35 4
22 37 3
22 48 1
22 49 4
22 52 4
22 53 4
22 56 5
22 57 3
22 58 5
22 61 3
22 66 4
22 69 4
22 70 4
22 75 5
22 78 1
22 96 3
22 114 3
22 117 3
22 118 5
22 119 4
22 120 3
22 132 3
22 135 4
22 137 3
22 139 3
22 144 4
22 149 4
22 168 4
22 178 2
22 188 4
22 190 4
22 202 3
22 215 2
22 223 1
22 239 3
22 240 3
22 249 3
22 290 4
22 295 3
23 2 4
23 4 3
23 10 3
23 13 3
23 16 3
23 17 3
23 19 4
23 22 3
23 23 4
23 29 4
23 33 3
23 35 5
23 36 4
23 42 3
23 45 4
23 46 4
23 47 3
23 52 4
23 53 3
23 62 3
23 91 3
23 104 4
23 109 4
23 116 4
23 124 4
23 131 4
23 133 4
23 134 4
23 138 4
23 147 3
23 155 4
23 166 4
23 177 3
23 182 2
23 184 4
23 210 3
23 230 3
23 262 4
23 281 5
23 288 4
23 347 3
23 368 4
24 0 5
24 6 3
24 7 5
24 8 3
24 10 4
24 13 1
24 15 1
24 18 3
24 21 4
24 24 5
24 32 5
24 41 3
24 53 4
24 61 4
24 65 2
24 66 5
24 71 4
24 73 3
24 74 4
24 77 3
24 80 5
24 81 2
24 86 3
24 87 3
24 89 3
24 90 3
24 98 3
24 99 4
24 103 3
24 105 5
24 107 5
24 110 3
24 115 3
24 116 2
24 121 4
24 128 4
24 131 2
24 139 3
24 153 3
24 157 2
24 178 3
24 182 3
24 190 1
24 199 3
24 202 1
24 205 3
24 209 3
24 229 3
24 251 2
24 257 3
24 271 3
24 273 4
24 274 3
24 298 3
24 306 4
25 1 2
25 3 5
25 5 5
25 6 5
25 7 3
25 8 5
25 9 5
25 10 5
25 11 5
25 13 4
25 15 5
25 17 4
25 18 5
25 20 5
25 21 4
25 22 4
25 23 4
25 24 4
25 25 3
25 26 4
25 28 5
25 33 5
25 34 5
25 36 3
25 37 3
25 38 3
25 39 5
25 42 4
25 46 5
25 49 5
25 53 4
25 58 5
25 61 5
25 63 3
25 64 3
25 65 4
25 71 5
25 77 3
25 80 5
25 85 4
25 89 3
25 121 4
25 144 4
25 152 5
25 158 3
25 168 4
25 170 4
25 173 5
25 178 4
25 180 2
25 181 3
25 213 5
26 0 5
26 4 4
26 6 4
26 7 4
26 8 2
26 9 5
26 11 4
26 14 4
26 15 3
26 16 4
26 21 4
26 23 3
26 24 5
26 27 4
26 28 4
26 37 4
26 38 5
26 41 3
26 43 3
26 44 3
26 49 4
26 50 3
26 56 3
26 61 5
26 63 3
26 66 4
26 71 4
26 73 4
26 77 2
26 80 5
26 82 3
26 90 4
26 96 3
26 99 4
26 101 4
26 103 4
26 110 3
26 115 4
26 116 4
26 117 4
26 118 4
26 127 5
26 133 5
26 139 3
26 141 4
26 205 1
26 209 3
26 219 2
26 227 3
26 239 3
26 244 3
26 251 4
27 0 4
27 1 4
27 3 4
27 4 5
27 5 3
27 7 4
27 8 4
27 11 4
27 13 3
27 15 5
27 16 3
27 20 5
27 21 4
27 22 5
27 23 3
27 24 4
27 26 4
27 30 5
27 31 4
27 36 2
27 39 2
27 40 3
27 41 3
27 43 3
27 44 2
27 46 1
27 50 3
27 52 2
27 56 3
27 58 5
27 64 2
27 68 4
27 71 4
27 73 2
27 79 5
27 82 4
27 86 4
27 102 1
27 104 5
27 106 4
27 108 1
27 125 5
27 151 3
27 159 4
27 168 3
27 174 3
27 176 3
27 196 3
27 210 1
27 213 5
28 0 4
28 3 5
28 5 4
28 6 4
28 8 4
28 11 4
28 12 3
28 15 4
28 16 4
28 21 2
28 24 3
28 25 4
28 28 4
28 31 3
28 32 3
28 34 4
28 35 4
28 39 4
28 40 3
28 43 3
28 46 4
28 49 3
28 55 4
28 57 4
28 58 4
28 61 4
28 63 2
28 69 3
28 74 5
28 76 4
28 82 3
28 83 3
28 87 3
28 90 3
28 95 2
28 104 4
28 112 4
28 115 3
28 121 4
28 132 3
28 135 4
28 170 2
28 220 3
28 240 1
28 244 2
29 0 4
29 4 3
29 6 5
29 7 3
29 8 3
29 11 2
29 14 2
29 15 3
29 18 3
29 21 3
29 24 2
29 25 3
29 27 4
29 28 4
29 29 2
29 30 4
29 31 2
29 38 4
29 40 2
29 44 2
29 47 2
29 50 2
29 52 2
29 53 3
29 56 2
29 58 4
29 59 2
29 71 4
29 73 2
29 78 1
29 87 2
29 101 3
29 106 1
29 108 1
29 114 2
29 118 2
29 120 2
29 121 4
29 122 4
29 169 4
29 183 1
29 187 4
29 193 3
29 196 3
29 214 3
29 227 2
29 237 1
29 259 1
29 260 1
30 0 4
30 2 5
30 3 5
30 4 4
30 6 4
30 8 4
30 10 5
30 11 5
30 13 4
30 15 5
30 16 4
30 20 5
30 21 4
30 23 3
30 24 4
30 25 3
30 26 5
30 28 4
30 30 5
30 32 5
30 34 4
30 35 4
30 36 5
30 37 3
30 41 4
30 42 3
30 43 3
30 46 4
30 49 4
30 50 3
30 56 1
30 59 1
30 61 4
30 65 3
30 68 4
30 76 5
30 78 2
30 87 3
30 111 5
30 113 4
30 121 4
30 128 4
30 133 3
30 150 3
30 159 1
30 180 3
30 199 3
30 213 4
31 0 4
31 1 2
31 4 3
31 8 4
31 9 2
31 10 3
31 11 3
31 13 3
31 14 4
31 17 4
31 22 4
31 23 2
31 25 2
31 27 4
31 32 3
31 33 3
31 34 4
31 36 2
31 37 3
31 39 1
31 42 2
31 47 1
31 55 3
31 63 3
31 64 3
31 67 3
31 80 4
31 85 4
31 91 2
31 93 3
31 102 2
31 105 2
31 114 3
31 124 4
31 137 4
31 162 3
31 168 2
31 186 2
31 189 2
31 419 3
32 0 5
32 3 4
32 4 5
32 5 4
32 6 3
32 8 5
32 10 3
32 12 4
32 13 3
32 15 5
32 20 4
32 21 4
32 22 4
32 24 3
32 26 4
32 34 3
32 41 3
32 42 2
32 49 3
32 52 2
32 56 3
32 60 2
32 61 3
32 66 3
32 68 4
32 71 2
32 79 3
32 80 2
32 85 4
32 86 2
32 87 2
32 88 2
32 89 4
32 93 3
32 97 3
32 101 4
32 118 3
32 175 3
32 213 4
32 222 1
32 251 3
32 261 2
32 323 3
33 0 5
33 3 4
33 8 3
33 9 4
33 11 5
33 13 4
33 16 5
33 18 5
33 21 5
33 22 3
33 25 3
33 28 5
33 29 4
33 32 4
33 38 4
33 40 4
33 41 4
33 42 4
33 47 4
33 50 4
33 58 3
33 59 3
33 70 5
33 80 3
33 82 3
33 88 3
33 89 3
33 90 4
33 96 2
33 108 3
33 120 4
33 121 5
33 125 3
33 132 4
33 178 4
33 182 3
33 185 4
33 237 3
33 260 3
33 285 3
33 307 1
34 0 4
34 1 3
34 3 3
34 4 5
34 6 5
34 7 4
34 9 5
34 10 5
34 11 5
34 12 5
34 15 4
34 18 3
34 19 4
34 20 5
34 21 5
34 25 3
34 32 5
34 33 4
34 34 4
34 36 5
34 40 3
34 42 5
34 43 5
34 44 5
34 47 4
34 70 4
34 81 4
34 82 3
34 86 3
34 89 3
34 95 4
34 98 4
34 114 4
34 123 5
34 126 4
34 132 4
34 133 5
34 142 4
34 164 4
34 165 3
34 168 3
34 176 3
34 185 5
34 189 4
34 215 3
34 228 3
34 284 4
35 0 5
35 1 2
35 2 2
35 3 5
35 4 3
35 5 1
35 7 3
35 9 3
35 12 3
35 14 5
35 15 2
35 16 3
35 17 5
35 18 4
35 20 3
35 21 3
35 29 3
35 30 4
35 31 4
35 33 3
35 40 3
35 53 2
35 58 4
35 67 3
35 69 3
35 70 3
35 82 3
35 89 3
35 92 4
35 102 3
35 121 2
35 122 2
35 123 2
35 138 3
35 167 2
35 179 4
35 182 2
35 186 3
35 206 3
35 224 3
35 270 1
35 287 4
35 291 2
36 0 4
36 1 3
36 2 2
36 4 3
36 6 4
36 9 4
36 10 3
36 11 3
36 13 4
36 16 4
36 17 1
36 18 4
36 24 4
36 25 3
36 26 3
36 30 4
36 31 5
36 32 4
36 34 3
36 35 4
36 37 4
36 38 3
36 39 2
36 43 3
36 44 1
36 46 4
36 51 4
36 53 3
36 57 3
36 62 2
36 66 3
36 79 4
36 86 3
36 137 5
36 166 5
36 239 1
36 352 2
37 4 3
37 5 3
37 7 3
37 8 3
37 9 3
37 11 4
37 12 4
37 13 4
37 14 4
37 15 3
37 16 4
37 20 3
37 21 3
37 23 3
37 28 4
37 29 4
37 30 3
37 31 5
37 33 4
37 35 4
37 36 4
37 41 4
37 43 4
37 49 3
37 50 2
37 52 4
37 70 3
37 80 3
37 89 4
37 92 3
37 95 3
37 100 4
37 122 5
37 124 4
37 127 4
37 134 4
37 140 4
37 177 3
37 219 3
37 265 4
37 268 3
37 301 2
38 0 5
38 1 2
38 3 1
38 4 3
38 6 5
38 7 1
38 8 3
38 11 3
38 13 3
38 15 3
38 17 4
38 18 3
38 20 4
38 21 4
38 24 3
38 25 3
38 26 2
38 28 4
38 42 1
38 43 2
38 48 3
38 50 3
38 60 5
38 64 5
38 69 3
38 70 2
38 77 5
38 82 3
38 88 4
38 89 1
38 103 3
38 106 4
38 117 3
38 135 1
38 142 4
38 144 3
38 151 3
38 157 4
38 172 4
38 178 1
38 179 1
38 182 1
38 183 2
38 202 4
38 217 1
39 0 3
39 1 4
39 8 4
39 11 4
39 12 4
39 14 4
39 15 5
39 21 4
39 27 5
39 28 3
39 30 4
39 31 2
39 35 5
39 37 4
39 39 3
39 41 3
39 43 4
39 44 4
39 49 3
39 56 1
39 74 3
39 83 3
39 85 5
39 86 3
39 92 3
39 95 2
39 97 4
39 120 3
39 124 2
39 126 4
39 128 4
39 130 5
39 149 4
39 174 4
39 192 3
39 256 4
40 0 4
40 1 4
40 3 3
40 4 4
40 5 4
40 6 4
40 8 4
40 9 5
40 10 3
40 13 4
40 15 5
40 20 2
40 21 3
40 23 3
40 24 5
40 26 5
40 33 4
40 34 3
40 37 4
40 43 4
40 44 3
40 48 3
40 49 3
40 53 3
40 56 3
40 58 4
40 69 3
40 70 2
40 73 3
40 83 3
40 86 4
40 97 3
40 99 4
40 105 4
40 115 2
40 135 4
40 153 5
40 176 3
40 189 3
40 229 3
40 234 3
40 260 3
40 286 1
40 309 3
41 0 5
41 1 3
41 3 5
41 8 3
41 9 4
41 11 4
41 17 5
41 18 5
41 21 4
41 22 4
41 25 3
41 29 5
41 31 5
41 34 5
41 35 4
41 40 4
41 41 4
41 43 3
41 44 4
41 48 4
41 50 4
41 59 5
41 73 2
41 76 5
41 77 4
41 81 3
41 89 3
41 95 4
41 105 3
41 125 5
41 193 3
41 214 5
41 226 3
41 292 3
42 0 4
42 1 4
42 2 5
42 3 3
42 6 3
42 8 4
42 10 4
42 13 3
42 15 3
42 16 3
42 18 3
42 21 4
42 23 4
42 27 5
42 32 4
42 36 4
42 37 3
42 40 2
42 44 4
42 49 2
42 52 4
42 61 4
42 66 3
42 68 3
42 73 4
42 85 4
42 93 4
42 107 5
42 111 4
42 115 4
42 117 4
42 126 2
42 140 3
42 141 4
42 149 5
42 197 3
42 212 4
42 213 4
43 0 2
43 3 5
43 4 4
43 8 2
43 12 4
43 14 3
43 19 2
43 27 4
43 29 4
43 31 4
43 33 2
43 34 5
43 36 3
43 39 2
43 45 4
43 51 4
43 55 5
43 65 4
43 76 5
43 80 4
43 91 4
43 102 3
43 107 4
43 126 4
43 133 2
43 137 4
43 159 5
43 170 4
43 226 5
43 279 1
43 344 4
44 0 5
44 1 1
44 2 5
44 3 4
44 4 5
44 5 5
44 9 4
44 13 5
44 16 3
44 17 4
44 19 4
44 21 4
44 23 4
44 25 5
44 32 4
44 36 4
44 38 5
44 42 4
44 43 3
44 47 4
44 50 4
44 54 4
44 65 3
44 87 1
44 93 5
44 102 3
44 105 4
44 106 5
44 110 2
44 118 4
44 160 3
44 175 5
44 189 5
44 207 3
44 217 4
44 301 3
44 344 4
45 0 4
45 3 5
45 6 3
45 8 2
45 10 5
45 11 5
45 13 5
45 16 5
45 20 5
45 23 5
45 26 5
45 33 4
45 39 5
45 44 5
45 46 5
45 48 1
45 49 5
45 78 1
45 80 4
45 83 5
45 93 4
45 98 1
45 102 4
45 108 4
45 115 5
45 119 4
45 120 3
45 132 5
45 133 5
45 143 1
45 180 1
45 183 1
45 184 5
45 205 1
45 244 1
45 246 1
45 252 3
45 301 5
46 0 5
46 3 5
46 8 3
46 11 1
46 16 4
46 18 4
46 31 4
46 38 3
46 40 4
46 49 5
46 50 4
46 52 4
46 80 3
46 81 4
46 83 3
46 85 4
46 87 4
46 90 4
46 103 4
46 115 3
46 124 4
46 130 4
46 154 4
46 173 5
46 190 4
46 197 4
46 225 4
46 241 4
46 252 1
46 257 3
47 0 5
47 1 5
47 3 5
47 6 5
47 8 2
47 9 5
47 13 5
47 18 4
47 23 3
47 24 4
47 25 3
47 32 1
47 48 5
47 56 4
47 59 5
47 61 4
47 65 4
47 68 4
47 70 5
47 78 5
47 87 5
47 97 5
47 99 5
47 105 1
47 110 3
47 117 5
47 119 4
47 125 5
47 139 1
47 153 5
47 158 5
47 175 1
47 302 4
47 321 4
48 0 4
48 3 5
48 4 4
48 6 4
48 8 3
48 9 4
48 11 4
48 13 4
48 15 2
48 17 5
48 18 3
48 20 4
48 21 3
48 26 5
48 32 3
48 37 4
48 40 2
48 41 4
48 43 4
48 44 4
48 53 4
48 56 4
48 57 5
48 58 4
48 63 2
48 66 5
48 70 3
48 82 4
48 86 4
48 96 1
48 101 3
48 108 4
48 151 4
48 178 1
48 183 4
49 0 4
49 3 4
49 4 4
49 5 3
49 6 4
49 8 3
49 9 4
49 15 4
49 20 4
49 21 4
49 23 4
49 24 4
49 25 3
49 29 5
49 31 3
49 34 5
49 37 3
49 40 3
49 43 3
49 46 4
49 47 3
49 50 3
49 56 4
49 57 4
49 58 4
49 62 4
49 64 3
49 67 3
49 70 3
49 71 3
49 78 1
49 81 3
49 82 3
49 106 2
49 122 2
49 125 3
49 135 2
49 163 3
49 179 2
49 214 3
50 0 4
50 2 3
50 6 4
50 8 3
50 12 2
50 14 4
50 18 3
50 24 4
50 26 3
50 28 3
50 29 4
50 31 4
50 37 2
50 38 3
50 40 3
50 60 2
50 70 2
50 80 4
50 81 2
50 83 3
50 86 2
50 91 3
50 99 4
50 100 4
50 107 4
50 134 4
50 135 2
50 140 3
50 159 4
50 239 1
51 0 5
51 3 2
51 11 4
51 12 2
51 16 3
51 17 3
51 18 3
51 20 2
51 21 1
51 25 4
51 40 3
51 41 2
51 48 2
51 52 5
51 56 2
51 58 2
51 59 4
51 60 4
51 67 1
51 76 5
51 82 3
51 96 3
51 100 5
51 104 4
51 113 2
51 124 2
51 129 2
51 134 5
51 172 4
51 186 4
51 211 3
51 214 3
51 303 4
51 336 5
52 0 5
52 5 5
52 6 2
52 8 5
52 9 4
52 10 3
52 12 4
52 14 3
52 15 5
52 18 4
52 47 3
52 48 1
52 61 3
52 67 2
52 79 4
52 81 3
52 87 3
52 90 2
52 96 2
52 99 3
52 101 3
52 120 3
52 135 3
52 139 3
52 144 3
52 169 3
52 180 4
52 225 2
52 240 3
52 274 3
53 0 5
53 3 5
53 4 4
53 6 3
53 8 4
53 9 5
53 12 3
53 15 3
53 17 5
53 20 5
53 21 3
53 22 4
53 26 3
53 29 4
53 30 5
53 36 3
53 38 3
53 40 2
53 41 2
53 42 3
53 46 4
53 50 3
53 58 4
53 78 3
53 100 2
53 105 1
53 113 4
53 173 4
53 175 4
53 198 1
53 244 2
53 248 2
53 292 2
54 0 1
54 8 2
54 14 2
54 17 4
54 22 5
54 35 5
54 46 4
54 57 3
54 59 4
54 60 2
54 74 4
54 79 5
54 92 4
54 94 4
54 97 3
54 121 3
54 126 4
54 130 5
54 149 4
54 187 3
54 294 5
55 0 3
55 2 2
55 5 5
55 8 3
55 11 4
55 12 2
55 14 5
55 15 5
55 18 2
55 20 4
55 22 3
55 23 3
55 26 4
55 28 2
55 37 3
55 40 2
55 47 3
55 49 3
55 53 3
55 55 3
55 83 3
55 85 4
55 89 2
55 92 1
55 97 4
55 137 5
55 175 4
55 221 1
55 252 1
55 292 2
56 6 2
56 8 5
56 9 5
56 11 4
56 12 3
56 15 3
56 18 4
56 21 3
56 24 4
56 25 3
56 29 3
56 31 3
56 32 4
56 40 3
56 44 3
56 47 4
56 55 3
56 60 3
56 61 3
56 65 1
56 79 4
56 99 3
56 101 4
56 105 2
56 110 2
56 120 2
56 174 3
56 257 3
56 286 3
57 1 4
57 5 5
57 6 5
57 9 5
57 11 3
57 15 4
57 18 5
57 21 5
57 38 3
57 40 3
57 43 2
57 44 4
57 50 4
57 56 4
57 58 5
57 60 4
57 61 4
57 67 3
57 70 4
57 71 2
57 73 4
57 81 4
57 82 4
57 96 3
57 106 3
57 135 4
57 151 3
57 198 3
58 0 5
58 1 1
58 3 3
58 9 4
58 10 1
58 12 1
58 14 4
58 17 4
58 18 5
58 36 3
58 37 1
58 38 5
58 47 1
58 49 3
58 59 3
58 60 4
58 61 2
58 62 3
58 64 4
58 65 3
58 97 1
58 119 1
58 126 3
58 131 4
58 153 3
58 179 1
59 0 5
59 8 5
59 9 5
59 10 5
59 11 5
59 14 4
59 15 5
59 16 4
59 18 5
59 20 4
59 21 5
59 24 5
59 25 5
59 26 5
59 27 5
59 37 5
59 44 5
59 49 5
59 56 3
59 59 5
59 62 4
59 65 4
59 66 5
59 68 5
59 69 4
59 70 4
59 83 3
59 99 5
59 110 4
59 173 5
59 194 5
59 212 4
59 213 5
59 218 4
60 0 4
60 3 1
60 4 2
60 6 4
60 11 3
60 16 3
60 18 4
60 20 3
60 21 4
60 24 4
60 25 1
60 27 3
60 28 4
60 31 4
60 35 3
60 48 1
60 60 5
60 63 1
60 65 2
60 66 3
60 68 3
60 69 3
60 105 3
60 106 3
60 131 4
60 139 3
60 169 3
60 256 1
61 3 5
61 4 3
61 5 3
61 9 2
61 12 4
61 20 4
61 22 4
61 34 3
61 36 3
61 38 4
61 40 3
61 41 2
61 43 3
61 48 2
61 50 2
61 56 2
61 58 3
61 70 3
61 71 3
61 89 2
61 92 5
61 98 1
61 108 3
61 111 3
61 144 3
61 146 2
61 171 4
61 183 4
62 0 4
62 1 3
62 2 3
62 4 4
62 5 4
62 7 2
62 17 5
62 22 3
62 25 3
62 36 4
62 39 5
62 42 1
62 45 4
62 46 4
62 53 4
62 63 4
62 67 3
62 98 3
62 177 4
62 199 2
62 203 4
62 206 5
62 211 5
62 279 4
62 289 3
63 0 5
63 3 5
63 4 2
63 11 4
63 12 4
63 14 3
63 17 4
63 18 4
63 22 4
63 48 2
63 59 4
63 76 5
63 78 3
63 108 3
63 125 3
63 145 3
63 186 3
63 211 2
64 0 5
64 3 5
64 4 4
64 8 3
64 12 5
64 15 5
64 18 3
64 20 5
64 21 4
64 22 4
64 26 3
64 29 4
64 34 4
64 42 3
64 43 3
64 44 3
64 47 4
64 50 3
64 56 3
64 58 5
64 70 3
64 81 4
64 82 5
64 89 4
64 92 3
64 102 3
64 117 3
64 135 3
64 142 2
64 144 4
64 152 4
64 175 5
64 181 3
64 208 1
65 1 4
65 2 4
65 3 5
65 5 5
65 7 4
65 9 5
65 13 1
65 17 5
65 20 5
65 22 5
65 23 4
65 32 1
65 33 5
65 34 4
65 36 4
65 39 3
65 41 4
65 42 4
65 47 3
65 48 4
65 54 3
65 65 4
65 82 4
65 84 2
65 110 2
65 113 2
65 142 3
65 160 4
65 173 3
65 189 4
65 207 4
65 210 3
65 217 1
66 0 4
66 3 5
66 9 3
66 14 5
66 15 4
66 17 3
66 20 2
66 22 3
66 24 3
66 25 3
66 37 4
66 41 4
66 48 3
66 59 5
66 60 4
66 61 4
66 68 4
66 71 4
66 78 3
66 91 2
66 96 3
66 143 4
66 171 4
66 178 2
66 183 4
66 209 3
67 1 3
67 2 3
67 3 1
67 5 5
67 7 3
67 8 4
67 9 4
67 19 3
67 26 3
67 41 3
67 43 3
67 44 4
67 50 3
67 54 3
67 58 2
67 70 3
67 82 3
67 84 4
67 95 2
67 106 3
67 174 3
67 178 2
67 183 4
67 209 2
67 228 2
67 238 3
67 267 3
67 268 3
67 273 3
67 308 2
67 319 3
68 0 5
68 2 4
68 3 5
68 8 5
68 10 4
68 11 4
68 12 4
68 14 5
68 15 5
68 16 4
68 21 4
68 25 3
68 28 5
68 32 5
68 37 4
68 38 4
68 39 4
68 55 4
68 68 4
68 69 5
68 83 5
68 87 3
68 99 4
68 103 4
68 110 3
68 120 4
69 0 4
69 3 4
69 4 3
69 13 3
69 16 5
69 17 4
69 22 5
69 38 5
69 41 3
69 42 3
69 71 3
69 82 3
69 110 4
69 111 5
69 115 4
69 132 2
69 171 3
69 178 3
69 183 3
69 185 3
69 205 1
69 209 1
69 273 3
70 0 3
70 1 3
70 3 5
70 4 4
70 5 4
70 6 5
70 11 4
70 14 5
70 17 5
70 20 5
70 21 4
70 35 4
70 38 3
70 46 4
70 76 4
70 83 4
70 104 4
70 186 4
70 200 4
70 206 4
71 0 5
71 1 4
71 3 1
71 6 5
71 10 4
71 11 3
71 18 4
71 21 3
71 23 3
71 24 3
71 25 2
71 26 3
71 32 3
71 40 4
71 41 3
71 44 3
71 49 3
71 58 4
71 61 4
71 63 2
71 69 1
71 71 4
71 78 2
71 89 4
71 115 5
71 174 3
71 215 1
72 0 4
72 2 4
72 3 5
72 4 4
72 6 5
72 7 3
72 8 5
72 12 5
72 13 4
72 17 5
72 18 5
72 20 5
72 25 3
72 27 5
72 29 4
72 34 4
72 35 4
72 37 5
72 42 3
72 43 4
72 45 4
72 46 4
72 47 3
72 52 3
72 55 5
72 67 2
72 74 5
72 76 4
72 112 5
72 121 4
72 122 5
72 124 5
72 127 4
72 128 4
72 166 4
72 170 5
72 232 5
73 0 5
73 1 1
73 3 4
73 4 3
73 5 5
73 7 2
73 12 3
73 13 4
73 24 5
73 25 2
73 31 5
73 38 4
73 41 4
73 42 4
73 46 2
73 48 4
73 61 5
73 64 4
73 66 4
73 68 5
73 88 3
73 93 5
73 98 4
73 165 3
73 170 4
73 216 2
73 230 3
73 266 4
74 0 5
74 3 4
74 11 5
74 13 3
74 15 4
74 16 4
74 18 4
74 22 3
74 32 3
74 34 5
74 41 3
74 43 3
74 44 4
74 45 4
74 62 1
74 74 5
74 80 5
74 97 4
74 111 3
74 116 4
74 119 3
74 122 4
74 126 3
74 132 2
74 140 3
75 0 4
75 3 5
75 4 4
75 6 4
75 10 2
75 12 5
75 17 5
75 20 4
75 22 5
75 27 4
75 28 4
75 42 3
75 45 4
75 46 5
75 48 4
75 52 4
75 55 5
75 60 2
75 69 4
75 93 5
75 100 4
75 134 4
75 140 4
75 166 5
75 170 3
75 202 3
75 208 3
75 230 3
75 343 4
76 0 5
76 1 4
76 2 4
76 3 1
76 5 4
76 7 3
76 9 5
76 18 4
76 19 4
76 20 1
76 21 4
76 29 5
76 30 4
76 40 3
76 43 4
76 50 3
76 54 2
76 58 2
76 81 4
76 82 4
76 109 4
76 113 2
76 123 3
76 136 3
76 140 3
77 0 5
77 1 4
77 2 2
77 3 5
77 9 4
77 11 4
77 17 4
77 19 3
77 20 4
77 21 3
77 34 4
77 38 4
77 59 3
77 64 2
77 67 3
77 75 3
77 95 4
77 100 4
77 173 4
78 0 4
78 1 3
78 3 4
78 4 4
78 6 4
78 8 4
78 9 4
78 10 4
78 13 4
78 16 4
78 19 3
78 22 3
78 24 4
78 32 3
78 37 4
78 40 3
78 58 2
78 63 3
78 89 4
78 132 3
78 180 3
79 3 4
79 5 5
79 8 5
79 9 3
79 16 4
79 18 5
79 26 4
79 29 4
79 31 5
79 38 5
79 40 5
79 44 2
79 49 3
79 52 4
79 60 5
79 71 4
79 73 3
79 77 5
79 83 4
79 107 3
79 115 4
80 0 3
80 4 3
80 8 4
80 11 5
80 12 4
80 14 5
80 15 5
80 16 5
80 26 5
80 27 4
80 29 5
80 34 3
80 37 3
80 49 5
80 51 5
80 52 5
80 57 4
80 59 5
80 61 4
80 68 3
80 117 5
81 3 5
81 5 5
81 6 4
81 9 4
81 14 5
81 16 4
81 20 4
81 21 4
81 43 5
81 50 4
81 51 4
81 59 4
81 70 4
81 113 4
81 140 4
81 146 5
81 164 5
82 0 3
82 1 4
82 9 3
82 11 5
82 13 5
82 14 3
82 16 2
82 20 5
82 21 4
82 22 5
82 23 4
82 30 5
82 39 5
82 47 3
82 48 3
82 63 4
82 98 2
82 99 1
82 119 3
82 168 4
82 176 2
82 199 4
83 1 4
83 2 5
83 5 5
83 6 2
83 7 3
83 19 3
83 23 4
83 25 1
83 32 5
83 33 4
83 39 4
83 46 3
83 47 5
83 53 4
83 75 1
83 98 3
83 105 2
83 114 5
83 136 1
83 165 4
83 166 1
83 176 3
83 199 4
84 0 4
84 1 4
84 2 5
84 3 5
84 5 5
84 6 3
84 11 4
84 14 4
84 16 3
84 21 3
84 23 4
84 30 4
84 31 3
84 42 4
84 45 4
84 57 3
84 67 2
84 71 3
84 80 5
84 83 3
84 103 4
84 113 5
85 3 2
85 5 5
85 9 5
85 10 4
85 15 4
85 18 3
85 21 4
85 24 3
85 28 4
85 31 5
85 40 2
85 43 5
85 44 4
85 50 5
85 55 5
85 57 5
85 61 3
85 68 3
85 81 5
85 101 3
85 117 4
85 142 1
85 188 4
85 215 1
86 0 5
86 9 5
86 12 5
86 24 4
86 31 5
86 35 4
86 56 4
86 60 4
86 66 2
86 112 2
86 128 4
86 144 2
86 154 3
86 181 3
86 208 3
86 212 2
86 250 3
86 256 2
87 5 3
87 16 3
87 17 4
87 52 3
87 94 3
87 100 5
87 104 4
87 111 3
87 122 4
87 129 4
87 134 5
87 172 2
87 190 2
87 211 1
87 367 1
87 385 2
88 0 5
88 4 3
88 5 4
88 7 2
88 8 5
88 9 4
88 14 5
88 22 4
88 24 4
88 31 5
88 35 4
88 36 4
88 37 5
88 54 2
88 60 4
88 67 2
88 124 4
88 186 5
88 194 1
88 216 1
88 236 1
88 246 1
88 294 3
89 0 4
89 28 4
89 31 4
89 54 4
89 61 3
89 74 4
89 79 4
89 97 4
89 112 4
89 117 4
89 128 3
89 130 5
89 141 3
89 149 4
89 187 4
89 191 4
89 197 4
89 200 4
90 0 4
90 3 4
90 6 5
90 8 3
90 27 5
90 29 5
90 35 5
90 55 5
90 56 3
90 57 4
90 77 3
90 85 3
90 130 3
90 149 4
90 163 3
90 191 4
90 195 4
90 197 4
91 1 5
91 7 4
91 19 2
91 51 3
91 54 4
91 64 5
91 72 1
91 75 3
91 84 4
91 98 1
91 129 1
91 136 1
91 145 2
91 147 4
91 148 3
91 156 4
91 160 4
91 161 4
91 165 4
91 184 4
91 194 1
91 235 2
91 310 2
92 1 3
92 4 2
92 6 4
92 10 3
92 12 4
92 17 4
92 22 5
92 46 3
92 56 3
92 60 2
92 64 3
92 69 4
92 84 2
92 135 3
92 143 4
92 144 4
92 158 3
92 167 2
93 0 5
93 1 3
93 2 2
93 3 5
93 7 4
93 8 3
93 9 5
93 17 5
93 20 3
93 22 3
93 28 3
93 31 5
93 49 4
93 58 4
93 124 5
93 159 4
93 272 5
93 352 2
94 0 4
94 3 5
94 4 3
94 5 3
94 8 4
94 12 3
94 17 5
94 23 3
94 26 3
94 27 4
94 29 2
94 30 4
94 77 5
94 163 5
95 1 3
95 2 5
95 3 3
95 4 5
95 21 4
95 24 3
95 33 4
95 34 5
95 36 4
95 43 5
95 54 4
95 70 5
95 81 1
95 88 4
95 98 4
95 119 3
95 129 4
95 136 3
95 140 2
95 189 4
95 235 3
95 331 2
96 0 4
96 3 5
96 9 5
96 18 3
96 20 5
96 21 4
96 29 5
96 40 3
96 43 4
96 50 4
96 81 4
96 82 3
96 89 3
96 151 1
96 164 4
96 228 2
97 6 5
97 8 5
97 12 4
97 14 5
97 16 4
97 18 5
97 21 4
97 28 3
97 59 3
97 60 3
97 90 3
98 2 3
98 5 5
98 7 1
98 51 4
98 54 4
98 72 1
98 98 1
98 109 1
98 123 2
98 129 3
98 136 3
98 146 3
98 147 1
98 148 4
98 156 1
98 160 4
98 194 1
98 196 2
98 233 1
98 243 1
98 277 3
98 287 1
98 300 1
98 324 1
98 362 1
98 383 1
99 1 3
99 2 5
99 7 2
99 11 4
99 16 3
99 19 4
99 41 3
99 59 3
99 71 3
99 82 3
99 96 2
99 108 4
99 111 4
99 209 4
100 6 3
100 8 3
100 9 3
100 10 3
100 13 4
100 26 3
100 41 3
100 45 5
100 49 4
100 83 3
100 88 4
100 93 4
100 94 4
100 107 4
100 111 3
100 126 4
100 137 5
100 203 3
100 363 3
101 2 3
101 3 5
101 7 4
101 11 4
101 13 3
101 16 5
101 17 4
101 18 4
101 29 5
101 32 4
101 34 4
101 43 3
101 44 4
101 91 5
101 100 5
101 115 3
101 123 4
101 134 5
102 5 3
102 16 5
102 52 3
102 94 3
102 100 4
102 104 5
102 107 4
102 122 5
102 124 3
102 127 4
102 131 4
102 134 4
102 163 4
102 231 4
102 288 3
102 297 3
102 303 3
102 335 4
102 349 4
103 0 5
103 6 4
103 14 4
103 18 4
103 21 4
103 31 4
103 35 5
103 76 5
103 117 4
103 188 4
104 0 1
104 2 4
104 9 5
104 20 4
104 21 4
104 33 3
104 43 1
104 47 3
104 53 2
104 58 3
104 70 3
104 81 3
104 89 1
104 92 2
104 151 3
104 164 4
104 198 4
105 0 1
105 9 4
105 14 4
105 15 5
105 29 4
105 51 3
105 52 3
105 75 4
105 85 3
105 97 2
105 98 1
105 116 4
105 117 4
106 0 4
106 1 1
106 3 3
106 4 4
106 5 4
106 8 4
106 11 4
106 15 3
106 20 4
106 21 4
106 24 2
106 30 4
106 34 4
106 66 5
106 87 5
106 88 2
106 97 4
107 0 5
107 11 5
107 12 3
107 13 4
107 16 3
107 18 3
107 19 2
107 27 5
107 28 3
107 76 3
107 80 5
107 108 3
107 147 1
108 2 3
108 4 5
108 6 3
108 22 5
108 23 3
108 33 4
108 36 3
108 42 5
108 48 1
108 91 4
108 93 3
108 172 3
108 189 3
108 279 3
108 284 2
108 327 3
109 3 1
109 12 5
109 14 1
109 36 4
109 52 5
109 61 5
109 66 5
109 68 5
109 88 4
109 92 2
109 93 2
110 0 4
110 3 5
110 6 5
110 9 4
110 17 4
110 22 4
110 23 4
110 25 2
110 27 4
110 29 5
110 42 3
110 76 5
110 88 3
110 93 3
110 104 5
110 170 3
111 9 4
111 12 4
111 17 3
111 20 2
111 26 3
111 35 2
111 37 3
111 51 5
111 59 5
111 72 4
111 77 5
111 84 5
111 100 5
111 121 3
111 128 3
111 230 3
111 299 2
112 1 4
112 2 5
112 4 5
112 5 5
112 6 5
112 7 2
112 10 5
112 22 4
112 25 2
112 32 4
112 47 3
112 65 2
112 91 5
112 93 1
112 98 2
112 162 5
113 1 2
113 4 3
113 5 4
113 6 3
113 19 3
113 29 5
113 36 2
113 46 4
113 51 2
113 72 4
113 91 3
113 93 2
113 94 3
113 109 5
113 166 4
113 203 3
113 280 4
114 0 2
114 1 2
114 2 2
114 8 3
114 11 4
114 14 4
114 26 4
114 32 3
114 39 2
114 45 4
114 49 5
114 53 3
114 74 4
114 97 3
114 118 4
114 168 4
115 0 5
115 1 5
115 2 5
115 7 5
115 17 5
115 22 5
115 23 5
115 39 4
115 46 5
115 54 3
115 64 5
115 75 3
115 123 4
115 145 3
115 147 1
115 148 3
115 155 3
116 4 5
116 5 4
116 7 5
116 17 5
116 19 4
116 22 4
116 23 4
116 33 5
116 39 3
116 48 4
116 62 3
116 102 2
116 114 3
117 0 4
117 1 2
117 3 4
117 4 3
117 6 4
117 7 3
117 12 4
117 29 4
117 42 3
117 46 3
117 52 3
117 91 3
117 94 4
117 127 4
117 154 4
117 214 3
118 2 3
118 7 3
118 10 4
118 19 4
118 23 3
118 30 5
118 42 4
118 51 4
118 62 3
118 75 4
118 91 4
118 94 4
118 129 5
118 138 4
118 155 2
118 160 3
118 168 4
119 1 2
119 5 4
119 6 4
119 16 4
119 17 4
119 29 4
119 39 3
119 52 4
119 76 4
119 93 3
119 94 3
119 110 3
119 155 2
119 231 4
120 8 4
120 11 5
120 13 5
120 25 4
120 41 1
120 44 3
120 49 5
120 52 5
120 58 5
120 73 5
120 86 3
120 106 5
121 0 5
121 3 5
121 4 5
121 5 4
121 13 3
121 20 5
121 25 4
121 46 5
121 48 2
121 84 4
122 0 5
122 1 1
122 3 4
122 7 4
122 8 3
122 14 5
122 15 3
122 16 4
122 21 2
122 24 3
122 26 3
122 38 4
122 55 4
122 60 3
123 0 4
123 1 1
123 12 4
123 27 4
123 30 4
123 34 4
123 35 4
123 52 4
123 66 4
123 95 4
123 127 5
123 231 4
124 1 4
124 2 4
124 5 5
124 30 4
124 113 2
124 129 2
124 136 1
124 196 3
124 207 3
124 233 1
124 300 1
124 318 3
124 388 4
125 0 5
125 1 3
125 3 5
125 4 4
125 6 4
125 23 4
125 25 3
125 48 4
125 64 2
125 78 2
125 201 3
125 270 1
126 4 4
126 5 5
126 6 3
126 10 4
126 13 5
126 19 4
126 42 4
126 48 3
126 88 3
126 98 3
126 119 4
126 215 4
127 1 5
127 2 5
127 4 3
127 7 5
127 19 5
127 33 5
127 67 5
127 84 5
127 105 5
127 138 5
127 182 5
128 0 5
128 16 4
128 17 5
128 19 4
128 45 5
128 52 4
128 100 5
128 115 3
128 127 4
128 206 5
128 288 4
129 0 4
129 2 1
129 5 5
129 9 4
129 14 4
129 26 5
129 28 4
129 29 5
129 30 4
129 55 5
129 72 4
129 97 1
129 138 4
130 3 5
130 11 4
130 12 4
130 31 4
130 35 4
130 55 5
130 97 4
130 224 4
130 272 5
131 3 2
131 9 3
131 14 4
131 26 4
131 37 3
131 41 3
131 45 4
131 49 5
131 72 5
131 104 4
131 130 4
131 159 5
131 222 4
132 15 3
132 35 3
132 45 4
132 52 3
132 57 4
132 72 5
132 104 3
132 171 4
133 0 3
133 1 1
133 9 4
133 39 1
133 45 5
133 52 4
133 66 5
133 72 5
133 116 5
133 219 3
133 222 3
134 0 5
134 1 3
134 2 3
134 4 4
134 5 5
134 6 4
134 10 4
134 17 5
134 29 5
134 30 4
134 39 3
134 62 4
134 67 4
134 75 5
134 91 4
134 146 2
135 0 1
135 3 5
135 6 4
135 14 4
135 17 3
135 25 5
135 31 5
135 54 3
135 78 3
135 85 4
135 100 5
135 130 5
135 166 3
135 267 5
136 2 4
136 4 3
136 7 3
136 17 4
136 19 3
136 29 4
136 33 1
136 42 3
136 45 4
136 51 4
136 54 3
136 72 5
136 91 3
136 114 3
137 0 5
137 4 4
137 13 4
137 14 4
137 25 3
137 32 4
137 45 5
137 59 2
138 14 4
138 28 4
138 29 4
138 31 5
138 35 4
138 52 3
138 55 4
138 72 3
138 83 4
138 95 3
138 134 4
138 191 5
139 0 4
139 8 5
139 9 5
139 12 5
139 14 5
139 15 5
139 71 4
140 0 5
140 1 5
140 2 5
140 3 1
140 9 5
140 10 5
140 15 5
140 18 5
140 21 5
140 24 5
140 74 4
140 141 3
140 149 5
141 2 4
141 10 4
141 22 2
141 23 4
141 29 5
141 33 2
141 39 3
141 42 4
141 54 3
141 147 3
142 0 5
142 4 4
142 6 4
142 21 4
142 25 4
142 32 3
142 47 3
142 60 3
142 64 3
142 65 3
142 76 5
142 105 3
142 217 4
143 0 3
143 6 3
143 8 2
143 9 5
143 10 4
143 14 1
143 24 3
143 32 4
143 62 5
143 117 4
143 119 4
144 8 4
144 28 4
144 31 5
144 35 5
144 37 4
144 74 4
144 76 5
144 141 4
145 0 5
145 1 4
145 7 1
145 14 5
145 19 3
145 27 3
145 35 3
145 116 4
145 160 3
145 162 3
146 5 3
146 12 2
146 14 5
146 17 5
146 30 5
146 45 5
146 49 4
146 222 2
147 0 4
147 4 3
147 5 5
147 10 4
147 13 3
147 23 5
147 32 5
147 36 4
147 45 5
147 53 5
147 62 5
147 63 4
147 131 5
147 133 4
147 162 5
147 210 4
147 230 3
148 0 2
148 1 4
148 2 5
148 4 5
148 10 3
148 13 2
148 22 5
148 23 4
148 36 5
148 42 4
148 47 3
148 48 3
148 63 4
148 88 3
148 119 3
148 162 2
149 1 4
149 6 5
149 10 3
149 13 4
149 32 4
149 42 3
149 45 4
149 131 5
149 133 3
149 177 2
150 0 5
150 10 4
150 12 4
150 16 4
150 18 3
150 28 3
150 32 4
150 74 5
150 95 3
150 112 4
151 1 4
151 2 4
151 5 5
151 9 5
151 19 3
151 30 4
151 44 4
151 54 4
151 67 1
151 146 3
151 155 1
151 156 2
151 207 3
152 1 2
152 27 5
152 35 5
152 85 5
152 98 1
152 116 3
152 130 5
153 0 5
153 1 2
153 4 4
153 6 4
153 7 2
153 17 3
153 23 4
153 42 4
153 51 3
153 54 5
153 62 3
153 91 2
153 93 3
154 1 5
154 5 5
154 51 5
154 123 5
154 147 4
154 148 3
154 155 5
155 1 3
155 6 3
155 33 4
155 42 4
155 78 2
155 105 3
155 110 2
156 2 5
156 30 5
156 109 4
156 146 3
156 258 3
157 0 4
157 1 3
157 4 3
157 5 4
157 13 3
157 17 5
157 19 2
157 25 3
157 42 4
157 46 4
157 48 2
157 76 3
157 78 2
157 199 3
158 0 4
158 1 4
158 2 3
158 4 5
158 5 5
158 6 2
158 10 4
158 19 4
158 39 4
158 51 3
158 162 3
158 296 4
159 1 1
159 4 3
159 5 4
159 13 3
159 17 5
159 45 4
159 72 5
159 98 1
159 194 1
160 1 3
160 3 3
160 28 4
160 45 3
160 63 2
160 199 2
161 13 4
161 45 5
161 72 3
162 22 4
162 29 5
162 45 5
162 46 4
162 60 4
162 65 4
162 103 4
162 129 4
163 0 3
163 3 5
163 14 5
163 38 3
163 45 3
163 46 3
163 52 5
163 211 3
164 4 4
164 10 3
164 22 3
164 29 4
164 32 3
164 34 3
164 45 5
164 46 4
164 72 4
164 76 5
164 182 2
165 9 3
165 28 4
165 29 3
165 37 4
165 191 5
166 0 5
166 1 1
166 2 5
166 7 4
166 102 2
166 109 3
166 110 1
166 123 4
166 131 4
166 164 5
166 307 5
167 79 5
167 84 2
167 145 4
167 241 4
168 0 4
168 1 3
168 3 3
168 10 4
168 17 1
168 23 4
168 39 3
168 46 4
169 1 4
169 2 3
169 19 3
169 67 1
169 72 4
169 136 3
169 156 3
170 1 4
170 10 4
170 13 5
170 32 5
170 39 5
170 44 4
170 63 4
170 80 5
171 1 2
171 2 4
171 7 4
171 10 3
171 22 3
171 72 4
171 75 3
171 76 4
171 109 5
172 4 4
172 13 3
172 19 3
172 23 3
172 93 1
172 182 1
173 25 1
173 72 4
173 184 1
173 316 2
174 33 1
175 1 5
175 3 4
175 7 4
175 12 5
175 30 5
175 38 5
175 84 3
175 113 4
175 243 3
176 0 5
176 1 2
176 2 3
176 19 2
176 27 4
176 54 2
176 64 2
176 67 3
176 204 2
177 1 4
177 19 5
177 30 5
177 51 4
177 138 3
178 2 4
178 5 5
178 6 5
178 14 5
178 42 2
178 57 4
178 84 4
179 0 4
179 1 4
179 3 4
179 7 4
179 57 5
179 256 5
180 29 4
180 51 5
180 131 4
180 160 3
181 1 2
181 2 4
181 7 3
181 51 3
181 147 2
182 4 5
182 6 4
182 25 3
182 33 3
182 48 5
182 63 3
182 110 4
182 152 4
182 179 4
182 217 3
182 223 5
183 5 2
183 19 3
183 30 3
183 109 5
183 138 5
183 145 1
183 184 2
183 196 4
184 2 4
184 5 5
184 7 4
184 19 4
184 54 4
184 109 4
184 138 5
184 160 5
184 233 1
184 236 1
185 1 3
185 2 4
185 64 4
185 67 5
185 75 4
185 129 5
185 136 4
185 156 4
185 161 4
186 2 3
186 5 4
186 19 5
186 109 4
186 146 1
187 0 3
187 10 3
187 29 5
187 53 3
187 60 4
187 63 2
187 199 2
188 51 1
188 98 3
188 123 3
188 146 1
188 147 1
189 5 4
189 19 3
189 30 5
189 51 3
189 113 3
189 129 4
190 2 3
190 7 2
190 30 4
190 109 3
190 113 3
190 123 3
190 138 3
191 2 4
191 4 4
191 10 3
191 13 4
191 29 4
191 33 4
191 45 3
191 54 4
191 203 3
192 1 4
192 2 3
192 5 3
192 19 3
192 30 4
192 54 3
192 67 4
192 160 3
193 2 4
193 5 5
193 54 2
193 155 3
194 0 5
194 4 4
194 5 5
194 7 3
194 22 4
194 47 4
195 2 4
195 4 4
195 33 4
195 88 2
196 5 4
196 30 4
196 148 4
196 196 3
196 243 2
197 1 3
197 2 4
197 51 5
197 54 4
197 84 3
197 147 4
198 1 4
198 5 5
198 7 4
198 19 4
198 84 3
198 109 4
198 156 3
198 161 3
199 1 3
199 4 2
199 10 4
199 17 4
