[0, 36, 5]
[0, 64, 4]
[0, 97, 5]
[0, 112, 5]
[0, 132, 5]
[0, 137, 4]
[0, 144, 5]
[0, 164, 3]
[1, 6, 4]
[1, 132, 5]
[2, 89, 1]
[2, 90, 5]
[2, 91, 3]
[2, 170, 4]
[3, 11, 3]
[3, 14, 5]
[3, 21, 3]
[3, 68, 4]
[3, 96, 3]
[3, 99, 4]
[3, 109, 3]
[3, 125, 1]
[3, 132, 5]
[3, 153, 4]
[4, 48, 3]
[4, 112, 2]
[4, 144, 5]
[5, 109, 4]
[5, 148, 3]
[5, 155, 3]
[5, 163, 3]
[5, 170, 5]
[6, 0, 2]
[6, 10, 2]
[6, 21, 1]
[6, 33, 4]
[6, 62, 3]
[6, 109, 4]
[6, 110, 3]
[6, 112, 5]
[6, 117, 3]
[6, 120, 3]
[6, 132, 5]
[6, 144, 5]
[6, 163, 4]
[6, 170, 4]
[6, 198, 3]
[7, 8, 5]
[7, 78, 5]
[7, 97, 4]
[7, 110, 4]
[7, 112, 2]
[7, 132, 4]
[7, 144, 4]
[8, 170, 2]
[9, 33, 4]
[9, 132, 5]
[10, 123, 4]
[10, 126, 4]
[10, 131, 5]
[10, 132, 5]
[10, 144, 5]
[11, 49, 1]
[11, 99, 2]
[11, 109, 4]
[11, 132, 5]
[11, 137, 3]
[11, 163, 5]
[11, 183, 4]
[12, 41, 4]
[12, 48, 5]
[12, 137, 4]
[13, 25, 4]
[13, 34, 4]
[13, 127, 4]
[13, 197, 5]
[15, 9, 3]
[15, 37, 5]
[15, 63, 2]
[15, 79, 2]
[15, 90, 3]
[15, 111, 3]
[15, 112, 4]
[15, 149, 5]
[15, 163, 3]
[16, 14, 1]
[16, 18, 2]
[16, 19, 3]
[16, 33, 4]
[16, 35, 3]
[16, 42, 4]
[16, 49, 2]
[16, 57, 1]
[16, 59, 2]
[16, 63, 3]
[16, 68, 1]
[16, 79, 2]
[16, 91, 2]
[16, 97, 4]
[16, 99, 2]
[16, 102, 3]
[16, 109, 3]
[16, 110, 4]
[16, 112, 4]
[16, 115, 1]
[16, 127, 2]
[16, 131, 2]
[16, 144, 5]
[16, 148, 4]
[16, 153, 2]
[16, 155, 3]
[16, 163, 2]
[16, 170, 3]
[16, 183, 3]
[16, 188, 1]
[17, 109, 4]
[17, 153, 3]
[18, 14, 3]
[18, 19, 3]
[18, 48, 5]
[18, 117, 2]
[18, 137, 4]
[18, 145, 2]
[18, 153, 5]
[19, 4, 3]
[19, 33, 3]
[19, 120, 4]
[19, 170, 3]
[20, 109, 4]
[20, 137, 4]
[21, 13, 3]
[21, 41, 3]
[21, 48, 2]
[21, 62, 3]
[21, 70, 2]
[21, 89, 4]
[21, 93, 3]
[21, 97, 5]
[21, 102, 2]
[21, 122, 5]
[21, 132, 5]
[21, 138, 3]
[21, 162, 4]
[21, 170, 5]
[21, 183, 5]
[21, 184, 5]
[21, 198, 4]
[22, 8, 5]
[22, 34, 5]
[22, 48, 4]
[22, 102, 5]
[22, 110, 2]
[22, 121, 3]
[23, 153, 4]
[24, 10, 4]
[24, 19, 3]
[24, 109, 4]
[24, 110, 3]
[24, 112, 3]
[24, 132, 5]
[24, 144, 5]
[24, 145, 5]
[24, 163, 5]
[25, 33, 1]
[25, 94, 3]
[25, 114, 3]
[25, 163, 3]
[26, 48, 4]
[26, 110, 5]
[26, 132, 4]
[26, 137, 4]
[26, 183, 5]
[26, 195, 3]
[28, 9, 5]
[28, 137, 4]
[29, 33, 5]
[29, 68, 4]
[29, 109, 4]
[30, 109, 3]
[31, 90, 5]
[31, 102, 5]
[33, 5, 2]
[33, 6, 3]
[33, 19, 4]
[33, 32, 3]
[33, 41, 5]
[33, 42, 5]
[33, 58, 3]
[33, 68, 4]
[33, 78, 4]
[33, 85, 2]
[33, 97, 5]
[33, 99, 3]
[33, 109, 5]
[33, 112, 4]
[33, 114, 3]
[33, 117, 4]
[33, 121, 5]
[33, 123, 3]
[33, 125, 4]
[33, 137, 4]
[33, 144, 5]
[33, 152, 3]
[33, 153, 3]
[33, 163, 4]
[33, 164, 3]
[33, 170, 4]
[33, 183, 5]
[33, 194, 4]
[33, 198, 4]
[34, 68, 3]
[34, 99, 3]
[34, 144, 5]
[35, 33, 3]
[35, 89, 2]
[35, 112, 3]
[35, 144, 5]
[35, 160, 5]
[35, 170, 4]
[35, 183, 4]
[36, 5, 3]
[36, 8, 4]
[36, 9, 5]
[36, 20, 5]
[36, 25, 4]
[36, 33, 2]
[36, 41, 5]
[36, 42, 4]
[36, 45, 4]
[36, 50, 4]
[36, 63, 4]
[36, 78, 5]
[36, 89, 4]
[36, 101, 4]
[36, 102, 4]
[36, 109, 5]
[36, 118, 4]
[36, 121, 5]
[36, 123, 4]
[36, 125, 5]
[36, 131, 3]
[36, 144, 5]
[36, 145, 2]
[36, 149, 3]
[36, 150, 4]
[36, 153, 4]
[36, 154, 4]
[36, 155, 5]
[36, 163, 2]
[36, 164, 5]
[36, 166, 5]
[36, 169, 2]
[36, 180, 5]
[36, 188, 3]
[36, 193, 5]
[36, 198, 4]
[38, 33, 5]
[38, 59, 3]
[38, 68, 4]
[38, 89, 3]
[38, 91, 4]
[38, 117, 4]
[38, 137, 5]
[38, 144, 5]
[38, 163, 5]
[38, 194, 4]
[39, 4, 3]
[39, 21, 5]
[39, 90, 3]
[39, 117, 4]
[39, 144, 4]
[39, 170, 5]
[39, 190, 3]
[40, 89, 2]
[40, 109, 4]
[40, 112, 4]
[40, 163, 4]
[40, 170, 4]
[40, 183, 5]
[40, 198, 3]
[41, 49, 4]
[41, 55, 4]
[41, 63, 2]
[41, 71, 2]
[41, 77, 3]
[41, 99, 2]
[41, 138, 3]
[42, 14, 5]
[42, 91, 5]
[42, 148, 4]
[42, 163, 3]
[42, 188, 3]
[43, 11, 3]
[43, 20, 5]
[43, 21, 3]
[43, 32, 3]
[43, 42, 3]
[43, 51, 3]
[43, 97, 5]
[43, 99, 3]
[43, 108, 4]
[43, 114, 4]
[43, 121, 5]
[43, 137, 5]
[43, 150, 4]
[43, 162, 3]
[43, 163, 3]
[43, 174, 4]
[43, 184, 4]
[43, 186, 4]
[44, 4, 3]
[44, 6, 3]
[44, 21, 4]
[44, 33, 4]
[44, 45, 4]
[44, 68, 2]
[44, 91, 3]
[44, 109, 4]
[44, 121, 3]
[44, 144, 5]
[44, 148, 3]
[44, 163, 3]
[44, 184, 3]
[44, 198, 3]
[45, 5, 2]
[45, 89, 3]
[45, 90, 2]
[45, 97, 3]
[45, 112, 5]
[45, 123, 5]
[45, 126, 1]
[45, 132, 5]
[45, 144, 5]
[45, 152, 2]
[45, 170, 4]
[45, 180, 3]
[45, 188, 4]
[46, 9, 4]
[46, 16, 4]
[46, 33, 5]
[46, 112, 4]
[46, 144, 5]
[46, 148, 5]
[46, 155, 3]
[46, 170, 2]
[47, 9, 5]
[47, 14, 4]
[47, 49, 4]
[47, 68, 4]
[47, 99, 4]
[47, 117, 5]
[48, 84, 4]
[48, 146, 3]
[50, 29, 3]
[50, 32, 3]
[50, 33, 4]
[50, 62, 2]
[50, 63, 3]
[50, 68, 3]
[50, 109, 4]
[50, 110, 3]
[50, 117, 3]
[50, 124, 4]
[50, 132, 5]
[50, 134, 5]
[50, 144, 5]
[50, 158, 3]
[50, 170, 4]
[50, 190, 2]
[51, 25, 3]
[51, 48, 5]
[51, 97, 5]
[51, 102, 4]
[52, 102, 5]
[52, 126, 2]
[52, 132, 5]
[52, 170, 4]
[53, 4, 3]
[53, 9, 3]
[53, 29, 4]
[53, 102, 4]
[53, 112, 3]
[53, 153, 4]
[53, 170, 4]
[53, 183, 4]
[54, 9, 4]
[54, 41, 3]
[54, 48, 5]
[54, 68, 1]
[54, 73, 4]
[54, 78, 5]
[54, 97, 5]
[54, 102, 4]
[54, 132, 4]
[54, 170, 3]
[54, 183, 3]
[54, 198, 3]
[55, 22, 1]
[55, 36, 4]
[55, 48, 4]
[55, 68, 2]
[55, 89, 2]
[55, 117, 4]
[55, 120, 2]
[55, 126, 4]
[55, 129, 5]
[55, 139, 5]
[55, 145, 5]
[55, 194, 2]
[55, 195, 4]
[56, 97, 3]
[56, 126, 3]
[56, 132, 5]
[56, 153, 4]
[57, 6, 3]
[57, 137, 3]
[57, 163, 3]
[58, 14, 3]
[58, 33, 5]
[58, 106, 3]
[58, 132, 5]
[58, 137, 5]
[58, 144, 5]
[59, 8, 5]
[59, 48, 5]
[59, 120, 4]
[59, 132, 5]
[59, 170, 5]
[60, 4, 2]
[60, 97, 4]
[60, 112, 4]
[60, 129, 4]
[60, 132, 5]
[60, 170, 4]
[60, 196, 4]
[61, 58, 5]
[61, 78, 4]
[62, 33, 4]
[62, 36, 5]
[62, 49, 1]
[62, 99, 1]
[62, 109, 5]
[62, 132, 5]
[62, 144, 5]
[63, 33, 2]
[63, 49, 4]
[63, 58, 1]
[63, 68, 3]
[63, 137, 4]
[64, 73, 5]
[64, 97, 3]
[64, 112, 4]
[64, 126, 3]
[65, 137, 4]
[66, 112, 5]
[66, 120, 5]
[66, 183, 3]
[67, 4, 4]
[67, 6, 3]
[67, 9, 3]
[67, 10, 4]
[67, 30, 2]
[67, 33, 5]
[67, 34, 3]
[67, 41, 1]
[67, 48, 4]
[67, 70, 3]
[67, 89, 2]
[67, 91, 4]
[67, 100, 4]
[67, 109, 2]
[67, 112, 3]
[67, 137, 3]
[67, 144, 5]
[67, 153, 5]
[67, 163, 5]
[67, 183, 4]
[68, 137, 4]
[69, 10, 4]
[69, 18, 1]
[69, 33, 3]
[69, 42, 5]
[69, 45, 2]
[69, 49, 3]
[69, 59, 2]
[69, 68, 3]
[69, 90, 3]
[69, 97, 2]
[69, 99, 2]
[69, 101, 4]
[69, 108, 2]
[69, 109, 3]
[69, 110, 5]
[69, 115, 3]
[69, 131, 4]
[69, 144, 5]
[69, 155, 1]
[69, 162, 1]
[69, 163, 3]
[69, 170, 3]
[69, 194, 3]
[70, 33, 4]
[70, 109, 3]
[70, 144, 3]
[70, 162, 2]
[70, 183, 4]
[70, 188, 3]
[71, 4, 1]
[71, 79, 1]
[71, 80, 1]
[72, 148, 5]
[72, 153, 5]
[73, 9, 2]
[73, 41, 5]
[73, 42, 3]
[73, 54, 5]
[73, 97, 3]
[73, 114, 3]
[73, 117, 2]
[73, 126, 5]
[73, 132, 4]
[73, 134, 5]
[73, 144, 5]
[73, 163, 2]
[73, 182, 1]
[74, 8, 4]
[74, 45, 4]
[74, 97, 5]
[74, 100, 4]
[74, 109, 2]
[74, 121, 4]
[74, 127, 2]
[74, 154, 2]
[74, 170, 5]
[74, 183, 4]
[74, 193, 4]
[74, 198, 3]
[75, 131, 4]
[75, 170, 4]
[76, 48, 5]
[76, 97, 3]
[76, 126, 5]
[76, 132, 5]
[77, 34, 1]
[77, 48, 5]
[77, 93, 4]
[77, 109, 2]
[77, 170, 4]
[77, 198, 4]
[78, 5, 2]
[78, 48, 4]
[78, 63, 4]
[78, 79, 3]
[78, 94, 4]
[78, 101, 4]
[78, 112, 5]
[78, 123, 3]
[78, 144, 5]
[78, 167, 2]
[78, 170, 5]
[78, 194, 3]
[78, 198, 5]
[79, 48, 4]
[80, 17, 3]
[80, 20, 3]
[80, 56, 3]
[80, 64, 4]
[80, 65, 3]
[80, 112, 4]
[80, 114, 3]
[80, 125, 3]
[80, 126, 4]
[80, 132, 3]
[80, 145, 5]
[80, 160, 3]
[81, 6, 3]
[81, 58, 4]
[81, 78, 4]
[81, 137, 3]
[82, 112, 5]
[83, 36, 3]
[83, 49, 1]
[83, 137, 5]
[83, 167, 3]
[84, 10, 5]
[84, 41, 5]
[84, 97, 5]
[84, 102, 5]
[84, 109, 3]
[84, 132, 4]
[84, 137, 5]
[84, 139, 5]
[84, 148, 3]
[84, 170, 4]
[84, 183, 5]
[84, 198, 4]
[85, 48, 5]
[85, 109, 4]
[85, 110, 4]
[85, 112, 4]
[85, 126, 4]
[85, 132, 4]
[85, 195, 4]
[86, 8, 4]
[86, 21, 3]
[86, 25, 2]
[86, 59, 3]
[86, 70, 4]
[86, 91, 2]
[86, 112, 4]
[86, 117, 3]
[86, 124, 4]
[86, 132, 5]
[86, 144, 5]
[86, 153, 3]
[86, 169, 3]
[86, 170, 5]
[86, 183, 3]
[86, 197, 5]
[86, 198, 4]
[86, 199, 3]
[87, 94, 4]
[87, 117, 4]
[87, 125, 4]
[87, 126, 5]
[87, 132, 5]
[87, 144, 5]
[87, 145, 4]
[87, 150, 3]
[88, 13, 4]
[88, 48, 3]
[88, 58, 4]
[88, 70, 4]
[88, 109, 4]
[88, 110, 3]
[88, 112, 4]
[88, 126, 3]
[88, 132, 5]
[88, 137, 3]
[88, 150, 3]
[88, 170, 4]
[88, 198, 4]
[89, 14, 3]
[89, 21, 3]
[89, 30, 2]
[89, 33, 5]
[89, 63, 3]
[89, 70, 4]
[89, 79, 4]
[89, 89, 3]
[89, 91, 2]
[89, 96, 1]
[89, 100, 2]
[89, 109, 5]
[89, 111, 3]
[89, 117, 5]
[89, 148, 4]
[89, 155, 3]
[89, 169, 2]
[89, 170, 4]
[89, 198, 2]
[90, 0, 3]
[90, 42, 5]
[90, 63, 5]
[90, 68, 4]
[90, 94, 3]
[90, 96, 1]
[90, 112, 3]
[90, 122, 3]
[90, 137, 4]
[90, 149, 4]
[90, 163, 1]
[90, 170, 4]
[91, 8, 5]
[91, 11, 3]
[91, 29, 4]
[91, 48, 4]
[91, 62, 3]
[91, 70, 3]
[91, 89, 4]
[91, 97, 4]
[91, 109, 5]
[91, 110, 4]
[91, 112, 3]
[91, 117, 3]
[91, 123, 2]
[91, 153, 3]
[91, 155, 3]
[91, 163, 5]
[91, 170, 5]
[91, 183, 4]
[91, 198, 4]
[92, 4, 2]
[92, 21, 1]
[92, 33, 4]
[92, 62, 3]
[92, 63, 4]
[92, 109, 4]
[92, 112, 3]
[92, 117, 4]
[92, 126, 4]
[92, 131, 3]
[92, 132, 5]
[92, 145, 3]
[92, 155, 3]
[92, 160, 4]
[92, 163, 5]
[92, 198, 4]
[93, 48, 5]
[95, 45, 4]
[96, 137, 3]
[97, 33, 5]
[97, 117, 5]
[98, 41, 3]
[98, 131, 4]
[99, 132, 5]
[99, 153, 4]
[99, 163, 3]
[99, 170, 5]
[100, 9, 4]
[100, 33, 5]
[100, 49, 3]
[100, 99, 2]
[100, 109, 5]
[100, 112, 5]
[100, 137, 4]
[100, 153, 4]
[101, 153, 5]
[101, 155, 1]
[101, 170, 4]
[102, 4, 1]
[102, 9, 3]
[102, 21, 2]
[102, 63, 3]
[102, 91, 2]
[102, 96, 2]
[102, 117, 3]
[102, 164, 4]
[103, 14, 5]
[103, 33, 4]
[103, 49, 3]
[103, 50, 2]
[103, 63, 4]
[103, 68, 3]
[103, 90, 1]
[103, 91, 4]
[103, 94, 3]
[103, 112, 4]
[103, 114, 3]
[103, 117, 4]
[103, 132, 5]
[103, 144, 5]
[103, 147, 3]
[104, 41, 5]
[104, 48, 4]
[104, 65, 3]
[105, 34, 4]
[105, 97, 3]
[105, 109, 3]
[105, 112, 5]
[105, 148, 4]
[107, 19, 3]
[107, 59, 4]
[107, 79, 4]
[107, 112, 5]
[107, 117, 5]
[107, 124, 4]
[107, 131, 4]
[107, 132, 5]
[107, 166, 2]
[107, 169, 3]
[107, 170, 5]
[107, 183, 3]
[108, 0, 3]
[108, 33, 3]
[108, 48, 5]
[108, 58, 4]
[108, 109, 3]
[108, 112, 5]
[108, 117, 3]
[109, 0, 3]
[109, 102, 3]
[109, 120, 5]
[109, 129, 5]
[109, 137, 4]
[110, 42, 5]
[110, 114, 3]
[110, 126, 2]
[110, 132, 5]
[110, 139, 4]
[110, 167, 2]
[110, 195, 3]
[111, 14, 4]
[111, 100, 4]
[112, 4, 1]
[112, 19, 1]
[112, 90, 2]
[112, 123, 3]
[112, 132, 5]
[112, 170, 2]
[113, 170, 4]
[114, 33, 3]
[114, 112, 5]
[114, 170, 3]
[115, 9, 4]
[115, 14, 2]
[115, 33, 3]
[115, 94, 4]
[115, 99, 3]
[115, 109, 4]
[115, 112, 5]
[115, 137, 4]
[115, 160, 5]
[115, 169, 4]
[115, 170, 3]
[116, 48, 3]
[116, 144, 5]
[116, 164, 4]
[117, 99, 5]
[118, 4, 3]
[118, 14, 1]
[118, 32, 1]
[118, 42, 3]
[118, 62, 2]
[118, 85, 3]
[118, 90, 5]
[118, 91, 3]
[118, 112, 3]
[118, 117, 4]
[118, 131, 1]
[118, 132, 5]
[118, 169, 2]
[118, 186, 2]
[118, 188, 1]
[119, 8, 4]
[119, 12, 2]
[119, 20, 4]
[119, 25, 4]
[119, 29, 4]
[119, 37, 5]
[119, 42, 5]
[119, 48, 5]
[119, 58, 5]
[119, 63, 5]
[119, 69, 3]
[119, 73, 5]
[119, 94, 4]
[119, 97, 5]
[119, 109, 3]
[119, 110, 5]
[119, 112, 5]
[119, 117, 2]
[119, 132, 4]
[119, 134, 5]
[119, 149, 5]
[119, 155, 2]
[119, 162, 5]
[119, 163, 5]
[119, 175, 4]
[119, 183, 4]
[119, 198, 4]
[120, 42, 4]
[120, 132, 4]
[120, 144, 4]
[120, 149, 4]
[121, 5, 1]
[121, 9, 3]
[121, 10, 2]
[121, 14, 2]
[121, 30, 2]
[121, 33, 5]
[121, 35, 3]
[121, 41, 5]
[121, 42, 3]
[121, 63, 2]
[121, 73, 3]
[121, 79, 3]
[121, 84, 5]
[121, 90, 2]
[121, 97, 3]
[121, 102, 3]
[121, 109, 2]
[121, 110, 5]
[121, 111, 4]
[121, 112, 4]
[121, 117, 2]
[121, 120, 4]
[121, 123, 1]
[121, 125, 3]
[121, 126, 4]
[121, 134, 4]
[121, 138, 3]
[121, 143, 1]
[121, 144, 3]
[121, 149, 4]
[121, 153, 3]
[121, 155, 2]
[121, 162, 5]
[121, 167, 2]
[121, 170, 5]
[121, 180, 3]
[121, 183, 3]
[121, 188, 2]
[121, 193, 3]
[121, 195, 4]
[122, 29, 4]
[122, 41, 5]
[122, 42, 5]
[122, 45, 4]
[122, 97, 5]
[122, 109, 3]
[122, 110, 3]
[122, 131, 5]
[122, 132, 4]
[122, 144, 4]
[122, 148, 4]
[122, 163, 5]
[122, 170, 5]
[122, 183, 4]
[122, 188, 4]
[122, 191, 4]
[122, 198, 4]
[123, 9, 1]
[123, 19, 3]
[123, 21, 5]
[123, 30, 3]
[123, 70, 4]
[123, 89, 4]
[123, 97, 3]
[123, 117, 4]
[123, 132, 5]
[123, 144, 4]
[123, 163, 3]
[123, 169, 4]
[123, 170, 5]
[124, 14, 4]
[125, 70, 1]
[126, 109, 5]
[126, 112, 4]
[126, 153, 4]
[126, 155, 3]
[126, 170, 5]
[126, 198, 4]
[127, 48, 5]
[128, 29, 5]
[128, 41, 4]
[128, 102, 5]
[128, 110, 5]
[128, 170, 3]
[129, 109, 5]
[129, 170, 5]
[130, 14, 4]
[130, 91, 4]
[130, 144, 5]
[130, 188, 5]
[131, 93, 3]
[131, 110, 4]
[131, 132, 4]
[131, 167, 4]
[131, 170, 5]
[131, 179, 4]
[132, 79, 2]
[132, 149, 5]
[133, 33, 3]
[133, 48, 5]
[133, 63, 4]
[133, 97, 4]
[133, 110, 4]
[133, 112, 4]
[133, 117, 5]
[133, 132, 5]
[134, 48, 5]
[134, 130, 5]
[134, 131, 3]
[135, 5, 2]
[135, 33, 4]
[135, 63, 4]
[135, 79, 2]
[135, 149, 5]
[135, 170, 4]
[136, 33, 5]
[137, 65, 4]
[137, 90, 3]
[137, 91, 4]
[137, 112, 5]
[137, 144, 3]
[137, 170, 4]
[138, 6, 3]
[138, 9, 4]
[138, 102, 4]
[138, 109, 4]
[138, 155, 3]
[138, 166, 5]
[138, 170, 3]
[139, 48, 5]
[139, 68, 3]
[139, 94, 5]
[139, 109, 4]
[139, 137, 4]
[139, 144, 4]
[139, 170, 4]
[140, 170, 5]
[140, 198, 5]
[141, 19, 3]
[141, 112, 5]
[141, 181, 4]
[142, 0, 2]
[142, 4, 2]
[142, 9, 3]
[142, 18, 1]
[142, 33, 3]
[142, 35, 3]
[142, 49, 2]
[142, 85, 1]
[142, 91, 4]
[142, 96, 2]
[142, 110, 3]
[142, 124, 4]
[142, 137, 4]
[142, 144, 4]
[142, 163, 5]
[142, 186, 1]
[142, 190, 2]
[142, 194, 3]
[142, 198, 3]
[143, 109, 4]
[143, 117, 4]
[143, 170, 5]
[145, 29, 4]
[145, 48, 4]
[145, 110, 3]
[145, 170, 5]
[146, 5, 5]
[146, 33, 4]
[146, 59, 5]
[146, 91, 3]
[146, 170, 4]
[147, 10, 4]
[147, 28, 3]
[147, 73, 3]
[148, 29, 5]
[148, 41, 4]
[148, 68, 4]
[148, 79, 3]
[148, 97, 5]
[148, 110, 5]
[148, 112, 4]
[148, 124, 3]
[148, 126, 4]
[148, 132, 5]
[148, 137, 3]
[148, 144, 4]
[148, 147, 3]
[148, 170, 4]
[148, 194, 3]
[148, 198, 3]
[149, 48, 5]
[149, 68, 4]
[149, 97, 5]
[149, 131, 4]
[149, 132, 5]
[149, 144, 4]
[149, 194, 4]
[150, 12, 4]
[150, 155, 3]
[150, 163, 2]
[150, 170, 3]
[150, 198, 2]
[151, 48, 5]
[151, 112, 3]
[151, 132, 5]
[152, 9, 5]
[152, 14, 2]
[152, 101, 3]
[152, 162, 4]
[153, 6, 4]
[153, 9, 4]
[153, 14, 4]
[153, 33, 5]
[153, 49, 3]
[153, 79, 4]
[153, 112, 5]
[153, 144, 5]
[153, 162, 4]
[153, 163, 5]
[154, 102, 5]
[154, 110, 5]
[154, 132, 5]
[154, 163, 5]
[154, 183, 5]
[154, 198, 4]
[156, 5, 4]
[156, 89, 3]
[156, 97, 5]
[156, 102, 4]
[156, 109, 4]
[156, 132, 5]
[156, 155, 2]
[156, 163, 5]
[156, 170, 4]
[156, 191, 3]
[156, 198, 4]
[157, 48, 5]
[158, 10, 5]
[158, 33, 5]
[158, 48, 5]
[158, 81, 5]
[158, 110, 5]
[158, 112, 5]
[158, 117, 3]
[158, 132, 4]
[158, 134, 4]
[158, 144, 5]
[158, 163, 5]
[158, 170, 5]
[159, 33, 5]
[159, 109, 5]
[159, 164, 2]
[160, 90, 4]
[160, 109, 4]
[161, 10, 3]
[161, 48, 5]
[161, 109, 3]
[161, 112, 5]
[161, 132, 4]
[161, 144, 5]
[161, 170, 4]
[161, 183, 3]
[161, 198, 3]
[162, 30, 2]
[162, 70, 2]
[162, 170, 3]
[162, 198, 3]
[163, 8, 5]
[163, 91, 4]
[163, 110, 4]
[163, 112, 3]
[163, 123, 5]
[163, 126, 3]
[163, 132, 5]
[163, 137, 4]
[163, 144, 5]
[164, 21, 3]
[164, 22, 3]
[164, 33, 4]
[164, 49, 2]
[164, 62, 3]
[164, 63, 2]
[164, 68, 3]
[164, 91, 4]
[164, 99, 1]
[164, 112, 4]
[164, 114, 2]
[164, 117, 3]
[164, 120, 2]
[164, 132, 5]
[164, 149, 3]
[164, 163, 2]
[164, 164, 3]
[164, 169, 3]
[164, 182, 2]
[164, 184, 2]
[165, 4, 4]
[165, 9, 4]
[165, 14, 4]
[165, 21, 2]
[165, 33, 5]
[165, 57, 2]
[165, 91, 4]
[165, 99, 4]
[165, 110, 5]
[165, 112, 5]
[165, 132, 5]
[165, 137, 4]
[165, 153, 5]
[165, 169, 3]
[165, 170, 5]
[166, 89, 4]
[166, 124, 4]
[166, 148, 5]
[166, 170, 5]
[166, 198, 4]
[167, 8, 5]
[167, 79, 3]
[167, 97, 4]
[167, 102, 4]
[167, 109, 5]
[167, 127, 3]
[167, 170, 5]
[167, 183, 4]
[168, 4, 1]
[168, 5, 3]
[168, 11, 1]
[168, 14, 3]
[168, 19, 3]
[168, 29, 3]
[168, 32, 3]
[168, 33, 3]
[168, 42, 3]
[168, 45, 3]
[168, 49, 1]
[168, 57, 2]
[168, 62, 3]
[168, 63, 4]
[168, 68, 2]
[168, 70, 2]
[168, 79, 2]
[168, 89, 3]
[168, 93, 3]
[168, 96, 3]
[168, 97, 4]
[168, 99, 2]
[168, 100, 3]
[168, 101, 2]
[168, 110, 3]
[168, 111, 3]
[168, 114, 4]
[168, 126, 3]
[168, 131, 3]
[168, 132, 5]
[168, 163, 3]
[168, 169, 2]
[168, 170, 3]
[168, 180, 3]
[168, 183, 4]
[168, 184, 2]
[168, 186, 2]
[168, 190, 3]
[168, 191, 5]
[168, 194, 3]
[169, 0, 1]
[169, 5, 3]
[169, 9, 1]
[169, 10, 5]
[169, 13, 1]
[169, 18, 1]
[169, 19, 2]
[169, 20, 5]
[169, 29, 5]
[169, 34, 3]
[169, 38, 2]
[169, 41, 5]
[169, 42, 3]
[169, 45, 5]
[169, 48, 5]
[169, 59, 3]
[169, 63, 5]
[169, 68, 1]
[169, 70, 1]
[169, 79, 5]
[169, 85, 1]
[169, 89, 2]
[169, 93, 1]
[169, 96, 1]
[169, 97, 5]
[169, 99, 1]
[169, 101, 3]
[169, 102, 5]
[169, 106, 3]
[169, 109, 4]
[169, 110, 5]
[169, 111, 3]
[169, 114, 2]
[169, 117, 4]
[169, 124, 5]
[169, 131, 5]
[169, 132, 5]
[169, 137, 1]
[169, 141, 1]
[169, 144, 5]
[169, 150, 4]
[169, 156, 1]
[169, 169, 3]
[169, 170, 5]
[169, 178, 1]
[169, 180, 5]
[169, 183, 5]
[169, 187, 2]
[169, 191, 5]
[169, 198, 5]
[170, 33, 4]
[170, 112, 4]
[170, 117, 4]
[170, 170, 5]
[171, 6, 3]
[171, 68, 4]
[171, 89, 3]
[171, 90, 3]
[171, 94, 3]
[171, 109, 3]
[171, 132, 5]
[171, 137, 5]
[171, 155, 3]
[171, 163, 3]
[171, 170, 3]
[171, 194, 4]
[171, 197, 2]
[171, 198, 3]
[172, 32, 2]
[172, 86, 1]
[172, 97, 5]
[172, 109, 4]
[173, 33, 5]
[173, 97, 4]
[173, 112, 4]
[173, 117, 4]
[173, 132, 5]
[173, 148, 4]
[173, 163, 2]
[174, 109, 4]
[174, 153, 3]
[175, 4, 4]
[175, 48, 4]
[175, 57, 3]
[175, 70, 3]
[175, 85, 1]
[175, 89, 3]
[175, 91, 4]
[175, 112, 1]
[175, 114, 3]
[175, 126, 4]
[175, 137, 4]
[175, 153, 3]
[175, 170, 4]
[175, 183, 3]
[176, 48, 5]
[177, 42, 5]
[177, 110, 4]
[177, 170, 5]
[178, 4, 4]
[178, 160, 5]
[178, 164, 5]
[179, 162, 3]
[180, 137, 5]
[180, 144, 5]
[182, 33, 3]
[182, 59, 3]
[182, 62, 3]
[182, 89, 4]
[182, 91, 3]
[182, 100, 5]
[182, 102, 2]
[182, 112, 4]
[182, 126, 4]
[182, 131, 3]
[182, 132, 5]
[182, 144, 5]
[182, 153, 3]
[182, 155, 3]
[182, 170, 4]
[182, 175, 2]
[182, 183, 5]
[182, 198, 3]
[183, 33, 4]
[183, 63, 3]
[183, 79, 2]
[183, 162, 4]
[183, 167, 2]
[183, 170, 3]
[185, 32, 1]
[186, 11, 3]
[186, 57, 3]
[186, 102, 4]
[186, 126, 1]
[186, 132, 2]
[186, 150, 3]
[186, 163, 2]
[186, 167, 3]
[187, 48, 5]
[187, 73, 3]
[187, 153, 3]
[187, 188, 2]
[187, 199, 2]
[188, 8, 4]
[188, 90, 4]
[188, 163, 3]
[189, 4, 4]
[189, 33, 4]
[189, 91, 5]
[189, 112, 5]
[189, 117, 4]
[189, 170, 5]
[189, 188, 3]
[190, 96, 4]
[191, 102, 4]
[191, 148, 3]
[191, 163, 3]
[191, 180, 2]
[191, 198, 4]
[193, 18, 3]
[193, 109, 5]
[194, 41, 4]
[194, 42, 5]
[194, 48, 5]
[194, 97, 5]
[194, 183, 5]
[195, 9, 5]
[196, 9, 4]
[196, 33, 4]
[196, 41, 4]
[196, 90, 4]
[196, 110, 4]
[196, 112, 4]
[196, 137, 4]
[196, 170, 4]
[196, 183, 3]
[197, 20, 4]
[197, 110, 4]
[197, 112, 5]
[197, 132, 3]
[197, 180, 3]
[198, 170, 5]
[199, 63, 4]
[199, 137, 4]
[199, 155, 2]
[199, 170, 3]
[200, 34, 1]
[200, 112, 5]
[201, 79, 5]
[201, 163, 4]
[201, 198, 5]
[202, 109, 5]
[202, 126, 4]
[202, 144, 4]
[202, 155, 4]
[202, 163, 3]
[202, 170, 4]
[203, 41, 2]
[203, 48, 5]
[204, 30, 4]
[204, 97, 3]
[204, 121, 5]
[204, 183, 3]
[204, 187, 1]
[205, 48, 2]
[205, 79, 5]
[205, 96, 5]
[205, 167, 3]
[206, 10, 5]
[206, 33, 4]
[206, 63, 3]
[206, 112, 5]
[206, 148, 3]
[206, 163, 4]
[207, 35, 3]
[207, 102, 3]
[207, 126, 4]
[207, 132, 5]
[207, 170, 4]
[208, 90, 5]
[208, 97, 5]
[208, 109, 3]
[208, 170, 4]
[209, 33, 3]
[209, 45, 5]
[209, 112, 4]
[209, 114, 2]
[209, 126, 4]
[209, 132, 5]
[209, 137, 3]
[209, 144, 5]
[209, 153, 4]
[209, 170, 4]
[209, 191, 3]
[210, 9, 4]
[210, 29, 2]
[210, 112, 4]
[210, 170, 4]
[211, 10, 2]
[211, 12, 4]
[211, 29, 3]
[211, 41, 4]
[211, 48, 3]
[211, 59, 4]
[211, 72, 3]
[211, 96, 3]
[211, 101, 3]
[211, 109, 3]
[211, 123, 1]
[211, 124, 3]
[211, 141, 2]
[211, 148, 4]
[211, 154, 3]
[211, 155, 2]
[211, 156, 1]
[211, 170, 4]
[211, 175, 4]
[211, 183, 4]
[211, 198, 4]
[212, 14, 3]
[212, 33, 5]
[212, 112, 5]
[212, 117, 5]
[213, 48, 5]
[213, 126, 5]
[213, 132, 5]
[213, 147, 3]
[213, 170, 3]
[214, 0, 4]
[214, 9, 4]
[214, 58, 4]
[214, 62, 3]
[214, 99, 4]
[214, 112, 5]
[214, 126, 3]
[214, 132, 5]
[214, 134, 5]
[214, 137, 3]
[214, 152, 1]
[214, 163, 4]
[214, 170, 5]
[215, 48, 4]
[215, 65, 5]
[215, 86, 4]
[215, 110, 4]
[215, 132, 3]
[215, 137, 5]
[215, 139, 4]
[215, 144, 4]
[215, 160, 3]
[215, 183, 3]
[216, 137, 3]
[216, 170, 3]
[218, 62, 5]
[218, 89, 4]
[218, 109, 5]
[218, 123, 4]
[218, 131, 4]
[218, 132, 5]
[218, 163, 5]
[218, 169, 4]
[218, 170, 5]
[218, 183, 4]
[218, 188, 4]
[218, 194, 5]
[218, 198, 3]
[219, 0, 2]
[219, 8, 5]
[219, 45, 5]
[219, 62, 2]
[219, 68, 4]
[219, 70, 3]
[219, 91, 4]
[219, 96, 3]
[219, 125, 3]
[219, 144, 5]
[219, 155, 3]
[219, 167, 3]
[219, 169, 3]
[219, 170, 4]
[219, 175, 3]
[219, 180, 3]
[219, 184, 3]
[220, 16, 2]
[220, 28, 3]
[220, 34, 3]
[220, 40, 4]
[220, 134, 4]
[221, 14, 2]
[221, 109, 4]
[222, 33, 5]
[222, 97, 5]
[222, 112, 3]
[222, 127, 4]
[222, 132, 5]
[222, 137, 4]
[222, 144, 5]
[224, 9, 3]
[224, 109, 3]
[224, 112, 5]
[224, 120, 4]
[224, 153, 3]
[225, 109, 3]
[225, 170, 3]
[226, 97, 4]
[226, 117, 4]
[226, 170, 3]
[227, 21, 4]
[227, 112, 4]
[227, 163, 4]
[227, 184, 3]
[228, 58, 4]
[228, 109, 3]
[228, 155, 3]
[228, 163, 3]
[228, 170, 3]
[228, 198, 2]
[229, 9, 3]
[229, 36, 4]
[229, 99, 2]
[229, 109, 4]
[230, 3, 4]
[230, 48, 4]
[230, 109, 3]
[230, 198, 4]
[231, 48, 4]
[231, 59, 4]
[231, 70, 3]
[231, 106, 3]
[231, 132, 3]
[231, 163, 4]
[231, 170, 4]
[231, 194, 3]
[231, 198, 2]
[232, 48, 5]
[232, 112, 3]
[232, 170, 3]
[232, 188, 3]
[233, 14, 2]
[233, 63, 3]
[234, 9, 4]
[234, 48, 3]
[234, 97, 5]
[234, 109, 4]
[234, 126, 3]
[234, 149, 5]
[234, 155, 4]
[235, 6, 3]
[235, 58, 5]
[235, 109, 4]
[235, 131, 4]
[235, 132, 5]
[235, 163, 4]
[235, 198, 5]
[236, 102, 4]
[236, 124, 3]
[236, 130, 4]
[236, 132, 5]
[236, 167, 3]
[236, 170, 1]
[237, 19, 2]
[237, 34, 4]
[237, 50, 4]
[237, 109, 4]
[237, 131, 3]
[237, 132, 5]
[237, 150, 2]
[237, 170, 3]
[237, 175, 4]
[237, 183, 4]
[237, 198, 4]
[238, 19, 3]
[238, 94, 3]
[238, 109, 4]
[238, 110, 4]
[238, 112, 5]
[238, 132, 4]
[238, 144, 4]
[239, 132, 5]
[239, 137, 4]
[239, 153, 4]
[240, 9, 5]
[240, 94, 5]
[240, 112, 2]
[240, 129, 4]
[240, 132, 5]
[240, 163, 4]
[241, 12, 1]
[241, 49, 1]
[241, 56, 3]
[241, 65, 3]
[241, 68, 1]
[241, 86, 3]
[241, 94, 1]
[241, 109, 1]
[241, 112, 1]
[241, 117, 4]
[241, 123, 1]
[241, 144, 3]
[241, 153, 1]
[241, 188, 1]
[241, 194, 3]
[242, 6, 4]
[242, 14, 2]
[242, 34, 3]
[242, 48, 4]
[242, 58, 3]
[242, 110, 5]
[242, 112, 4]
[242, 132, 4]
[242, 137, 4]
[242, 170, 3]
[242, 193, 5]
[243, 109, 4]
[243, 112, 5]
[244, 6, 4]
[244, 45, 3]
[244, 48, 5]
[244, 68, 3]
[244, 109, 3]
[244, 123, 4]
[244, 132, 3]
[244, 156, 1]
[244, 170, 3]
[245, 4, 4]
[245, 5, 4]
[245, 33, 1]
[245, 41, 4]
[245, 49, 1]
[245, 79, 3]
[245, 97, 5]
[245, 102, 4]
[245, 110, 5]
[245, 117, 1]
[245, 131, 4]
[245, 132, 5]
[245, 137, 4]
[245, 144, 5]
[245, 156, 1]
[245, 160, 5]
[245, 163, 4]
[245, 170, 5]
[245, 183, 4]
[245, 195, 3]
[246, 137, 4]
[247, 170, 4]
[249, 89, 4]
[249, 110, 4]
[249, 131, 4]
[249, 132, 5]
[249, 170, 3]
[249, 183, 4]
[250, 132, 2]
[251, 9, 2]
[251, 97, 5]
[251, 102, 5]
[251, 170, 5]
[251, 183, 5]
[252, 58, 4]
[252, 68, 3]
[253, 33, 2]
[253, 112, 3]
[254, 102, 5]
[254, 112, 4]
[254, 117, 3]
[254, 148, 5]
[255, 109, 5]
[255, 153, 4]
[255, 170, 5]
[255, 183, 4]
[256, 100, 4]
[256, 106, 4]
[256, 109, 2]
[256, 170, 5]
[256, 198, 4]
[257, 170, 3]
[258, 8, 4]
[258, 12, 4]
[258, 41, 5]
[258, 83, 3]
[258, 97, 5]
[258, 109, 3]
[258, 137, 5]
[258, 144, 5]
[258, 148, 5]
[258, 155, 5]
[258, 198, 5]
[259, 20, 4]
[259, 29, 4]
[259, 41, 4]
[259, 44, 5]
[259, 48, 5]
[259, 58, 4]
[259, 97, 5]
[259, 110, 4]
[259, 112, 1]
[259, 132, 5]
[259, 160, 4]
[259, 180, 3]
[260, 68, 5]
[260, 99, 5]
[260, 109, 4]
[260, 112, 4]
[261, 6, 3]
[261, 24, 3]
[261, 70, 4]
[261, 78, 5]
[261, 109, 3]
[261, 110, 5]
[261, 132, 5]
[261, 137, 5]
[261, 144, 5]
[262, 19, 4]
[262, 21, 5]
[262, 36, 4]
[262, 57, 1]
[262, 63, 3]
[262, 70, 3]
[262, 79, 2]
[262, 91, 4]
[262, 112, 5]
[262, 132, 5]
[262, 166, 3]
[262, 170, 4]
[263, 20, 4]
[263, 97, 4]
[263, 132, 3]
[263, 183, 4]
[264, 63, 4]
[264, 79, 5]
[264, 111, 5]
[265, 45, 3]
[265, 166, 4]
[266, 29, 3]
[266, 34, 1]
[266, 42, 3]
[266, 48, 5]
[266, 89, 4]
[266, 97, 3]
[266, 102, 4]
[266, 148, 3]
[266, 170, 4]
[266, 193, 5]
[267, 6, 5]
[267, 109, 4]
[267, 115, 2]
[267, 155, 4]
[267, 162, 1]
[268, 21, 4]
[268, 35, 4]
[268, 51, 4]
[268, 99, 3]
[268, 109, 3]
[268, 117, 4]
[268, 123, 4]
[268, 153, 4]
[268, 163, 4]
[268, 170, 4]
[268, 183, 4]
[268, 195, 3]
[269, 6, 4]
[269, 9, 3]
[269, 29, 4]
[269, 30, 2]
[269, 42, 3]
[269, 48, 5]
[269, 50, 4]
[269, 63, 4]
[269, 68, 3]
[269, 79, 4]
[269, 89, 4]
[269, 94, 4]
[269, 96, 3]
[269, 101, 3]
[269, 108, 3]
[269, 109, 3]
[269, 111, 4]
[269, 123, 3]
[269, 125, 3]
[269, 131, 2]
[269, 132, 4]
[269, 137, 4]
[269, 138, 4]
[269, 142, 3]
[269, 162, 4]
[269, 163, 3]
[269, 170, 4]
[269, 184, 3]
[269, 188, 3]
[270, 9, 3]
[270, 48, 4]
[270, 102, 5]
[270, 126, 5]
[271, 32, 2]
[271, 48, 5]
[271, 154, 4]
[272, 97, 4]
[272, 144, 4]
[272, 160, 4]
[273, 0, 1]
[273, 19, 3]
[273, 21, 1]
[273, 30, 2]
[273, 49, 3]
[273, 59, 4]
[273, 97, 4]
[273, 100, 4]
[273, 102, 5]
[273, 109, 5]
[273, 124, 5]
[273, 137, 4]
[273, 149, 4]
[273, 150, 2]
[273, 155, 5]
[273, 170, 5]
[273, 183, 4]
[273, 193, 3]
[274, 14, 3]
[274, 19, 4]
[274, 42, 5]
[274, 48, 4]
[274, 49, 2]
[274, 101, 4]
[274, 109, 4]
[274, 125, 4]
[274, 132, 5]
[274, 138, 4]
[274, 144, 5]
[274, 150, 4]
[274, 155, 2]
[274, 170, 4]
[274, 188, 4]
[274, 193, 3]
[275, 9, 1]
[275, 58, 3]
[275, 68, 2]
[275, 109, 3]
[275, 110, 5]
[275, 137, 4]
[275, 144, 5]
[275, 153, 4]
[276, 153, 5]
[277, 9, 4]
[277, 14, 2]
[277, 65, 4]
[277, 90, 4]
[277, 112, 5]
[277, 117, 2]
[277, 134, 5]
[277, 137, 4]
[277, 144, 5]
[277, 145, 4]
[277, 149, 4]
[277, 163, 2]
[277, 170, 4]
[278, 9, 3]
[278, 25, 3]
[278, 33, 5]
[278, 45, 4]
[278, 48, 5]
[278, 63, 3]
[278, 81, 4]
[278, 97, 5]
[278, 102, 4]
[278, 112, 5]
[278, 117, 3]
[278, 129, 4]
[278, 131, 2]
[278, 132, 4]
[278, 148, 3]
[278, 149, 3]
[278, 153, 3]
[278, 163, 5]
[278, 164, 4]
[278, 165, 5]
[278, 166, 3]
[278, 170, 3]
[279, 132, 5]
[279, 137, 4]
[279, 144, 5]
[279, 160, 5]
[280, 33, 4]
[280, 109, 4]
[280, 112, 5]
[281, 8, 3]
[281, 9, 2]
[281, 49, 1]
[281, 68, 3]
[281, 112, 3]
[281, 137, 3]
[281, 190, 1]
[282, 4, 2]
[282, 18, 1]
[282, 22, 2]
[282, 32, 1]
[282, 49, 2]
[282, 57, 2]
[282, 58, 4]
[282, 59, 1]
[282, 62, 2]
[282, 68, 2]
[282, 85, 2]
[282, 91, 3]
[282, 99, 3]
[282, 112, 4]
[282, 114, 3]
[282, 115, 1]
[282, 122, 1]
[282, 125, 1]
[282, 132, 4]
[282, 144, 5]
[282, 147, 2]
[282, 152, 2]
[282, 153, 2]
[282, 155, 3]
[282, 162, 3]
[282, 170, 4]
[282, 186, 1]
[282, 188, 4]
[283, 6, 2]
[283, 48, 5]
[283, 58, 4]
[283, 79, 4]
[283, 81, 4]
[283, 89, 4]
[283, 94, 4]
[283, 97, 5]
[283, 112, 5]
[283, 117, 1]
[283, 123, 2]
[283, 127, 1]
[283, 132, 5]
[283, 137, 4]
[283, 144, 5]
[283, 154, 3]
[283, 155, 2]
[283, 163, 5]
[283, 196, 4]
[284, 48, 4]
[285, 109, 4]
[286, 10, 5]
[286, 14, 5]
[286, 45, 5]
[286, 59, 4]
[286, 68, 4]
[286, 91, 4]
[286, 109, 4]
[286, 123, 3]
[286, 131, 5]
[286, 132, 5]
[286, 152, 3]
[286, 153, 4]
[286, 155, 4]
[286, 163, 3]
[286, 170, 4]
[287, 142, 3]
[288, 25, 4]
[288, 41, 5]
[288, 70, 4]
[288, 79, 4]
[288, 89, 2]
[288, 112, 4]
[288, 144, 5]
[288, 153, 4]
[288, 155, 3]
[288, 170, 5]
[288, 198, 2]
[289, 123, 3]
[289, 170, 4]
[290, 19, 3]
[290, 68, 4]
[290, 109, 5]
[291, 45, 3]
[291, 132, 5]
[292, 48, 3]
[292, 109, 3]
[292, 117, 4]
[292, 155, 4]
[292, 170, 4]
[293, 64, 4]
[293, 73, 4]
[293, 109, 2]
[293, 126, 4]
[293, 130, 2]
[293, 139, 5]
[293, 149, 4]
[293, 151, 4]
[293, 153, 3]
[293, 155, 3]
[293, 198, 3]
[295, 91, 4]
[295, 109, 4]
[296, 109, 5]
[297, 33, 4]
[297, 45, 5]
[297, 48, 4]
[297, 97, 5]
[298, 33, 5]
[298, 58, 4]
[298, 90, 4]
[298, 97, 5]
[298, 102, 2]
[298, 132, 5]
[298, 137, 4]
[298, 150, 3]
[298, 170, 2]
[298, 183, 3]
[298, 193, 4]
[299, 0, 3]
[299, 8, 5]
[299, 9, 4]
[299, 22, 4]
[299, 30, 3]
[299, 33, 5]
[299, 45, 5]
[299, 48, 5]
[299, 59, 2]
[299, 68, 3]
[299, 70, 2]
[299, 79, 4]
[299, 89, 3]
[299, 91, 4]
[299, 96, 1]
[299, 97, 4]
[299, 99, 2]
[299, 100, 4]
[299, 101, 3]
[299, 102, 5]
[299, 109, 5]
[299, 112, 5]
[299, 121, 3]
[299, 123, 3]
[299, 132, 5]
[299, 137, 4]
[299, 144, 5]
[299, 149, 4]
[299, 153, 3]
[299, 154, 5]
[299, 155, 4]
[299, 170, 5]
[299, 183, 3]
[299, 191, 5]
[299, 198, 5]